run,module,element,label,role,occurrence,line,rtl,cited_edge,citation_status,cluster,"cluster-level fault hypothesis (LLM; its citations are checked, this text is not)"
assets_tuning18_m7e194es0opt1_g54_r0,neorv32_cpu_cp_cfu,xtea.done,FP,stores,6,207,xtea.done(0) <= '1';,CLOCKED_BY clk_i,verified,C1,
assets_tuning18_m7e194es0opt1_g54_r1,neorv32_cpu_cp_cfu,xtea.done,FP,stores,4,201,xtea.done(1) <= xtea.done(0);,CLOCKED_BY clk_i,verified,C1,
assets_tuning18_m7e194es0opt1_g54_r2,neorv32_cpu_cp_cfu,xtea.done,FP,stores,6,207,xtea.done(0) <= '1';,CLOCKED_BY clk_i,verified,C1,
assets_tuning18_m7e194es0opt1_g54_r0,neorv32_cpu_cp_cfu,xtea.res,FP,stores,3,222,xtea.res <= std_ulogic_vector(unsigned(tmp_b) + unsigned(tmp_r));,CLOCKED_BY clk_i,verified,C1,
assets_tuning18_m7e194es0opt1_g54_r1,neorv32_cpu_cp_cfu,xtea.res,FP,stores,3,222,xtea.res <= std_ulogic_vector(unsigned(tmp_b) + unsigned(tmp_r));,CLOCKED_BY clk_i,verified,C1,
assets_tuning18_m7e194es0opt1_g54_r2,neorv32_cpu_cp_cfu,xtea.res,FP,stores,3,222,xtea.res <= std_ulogic_vector(unsigned(tmp_b) + unsigned(tmp_r));,CLOCKED_BY clk_i,verified,C1,
assets_tuning18_m7e194es0opt1_g54_r0,neorv32_cpu_cp_cfu,xtea.sum,FP,stores,4,216,xtea.sum <= std_ulogic_vector(unsigned(xtea.sum) + unsigned(xtea_delta_c));,CLOCKED_BY clk_i,verified,C1,
assets_tuning18_m7e194es0opt1_g54_r1,neorv32_cpu_cp_cfu,xtea.sum,FP,stores,4,216,xtea.sum <= std_ulogic_vector(unsigned(xtea.sum) + unsigned(xtea_delta_c));,CLOCKED_BY clk_i,verified,C1,
assets_tuning18_m7e194es0opt1_g54_r2,neorv32_cpu_cp_cfu,xtea.sum,FP,stores,4,216,xtea.sum <= std_ulogic_vector(unsigned(xtea.sum) + unsigned(xtea_delta_c));,CLOCKED_BY clk_i,verified,C1,
assets_tuning18_m7e194es0opt1_g54_r0,neorv32_cpu_cp_muldiv,div.quotient,FP,stores,5,285,div.quotient <= div.quotient(30 downto 0) & (not div.sub(32));,CLOCKED_BY clk_i,verified,C1,
assets_tuning18_m7e194es0opt1_g54_r1,neorv32_cpu_cp_muldiv,div.quotient,FP,stores,5,285,div.quotient <= div.quotient(30 downto 0) & (not div.sub(32));,CLOCKED_BY clk_i,verified,C1,
assets_tuning18_m7e194es0opt1_g54_r0,neorv32_cpu_cp_muldiv,div.remainder,FP,stores,4,287,div.remainder <= div.sub(31 downto 0);,CLOCKED_BY clk_i,verified,C1,
assets_tuning18_m7e194es0opt1_g54_r1,neorv32_cpu_cp_muldiv,div.remainder,FP,stores,4,287,div.remainder <= div.sub(31 downto 0);,CLOCKED_BY clk_i,verified,C1,
assets_tuning18_m7e194es0opt1_g54_r0,neorv32_debug_dtm,dmi_ctrl.addr,FP,stores,4,266,dmi_ctrl.addr  <= tap_reg.dmi(40 downto 34);,CLOCKED_BY clk_i,verified,C1,
assets_tuning18_m7e194es0opt1_g54_r1,neorv32_debug_dtm,dmi_ctrl.addr,FP,stores,4,266,dmi_ctrl.addr  <= tap_reg.dmi(40 downto 34);,CLOCKED_BY clk_i,verified,C1,
assets_tuning18_m7e194es0opt1_g54_r2,neorv32_debug_dtm,dmi_ctrl.addr,FP,stores,4,266,dmi_ctrl.addr  <= tap_reg.dmi(40 downto 34);,CLOCKED_BY clk_i,verified,C1,
assets_tuning18_m7e194es0opt1_g54_r0,neorv32_debug_dtm,dmi_ctrl.op,FP,stores,4,269,dmi_ctrl.op   <= tap_reg.dmi(1 downto 0);,CLOCKED_BY clk_i,verified,C1,
assets_tuning18_m7e194es0opt1_g54_r1,neorv32_debug_dtm,dmi_ctrl.op,FP,stores,4,269,dmi_ctrl.op   <= tap_reg.dmi(1 downto 0);,CLOCKED_BY clk_i,verified,C1,
assets_tuning18_m7e194es0opt1_g54_r2,neorv32_debug_dtm,dmi_ctrl.op,FP,stores,4,269,dmi_ctrl.op   <= tap_reg.dmi(1 downto 0);,CLOCKED_BY clk_i,verified,C1,
assets_tuning18_m7e194es0opt1_g54_r0,neorv32_debug_dtm,dmi_ctrl.wdata,FP,stores,3,267,dmi_ctrl.wdata <= tap_reg.dmi(33 downto 02);,CLOCKED_BY clk_i,verified,C1,
assets_tuning18_m7e194es0opt1_g54_r1,neorv32_debug_dtm,dmi_ctrl.wdata,FP,stores,3,267,dmi_ctrl.wdata <= tap_reg.dmi(33 downto 02);,CLOCKED_BY clk_i,verified,C1,
assets_tuning18_m7e194es0opt1_g54_r2,neorv32_debug_dtm,dmi_ctrl.wdata,FP,stores,3,267,dmi_ctrl.wdata <= tap_reg.dmi(33 downto 02);,CLOCKED_BY clk_i,verified,C1,
assets_tuning18_m7e194es0opt1_g54_r0,neorv32_debug_dtm,tap_reg.dmi,FP,stores,4,196,when addr_dmi_c    => tap_reg.dmi    <= tap_sync.tdi & tap_reg.dmi(tap_reg.dmi'left downto 1);,CLOCKED_BY clk_i,verified,C1,
assets_tuning18_m7e194es0opt1_g54_r1,neorv32_debug_dtm,tap_reg.dmi,FP,stores,4,196,when addr_dmi_c    => tap_reg.dmi    <= tap_sync.tdi & tap_reg.dmi(tap_reg.dmi'left downto 1);,CLOCKED_BY clk_i,verified,C1,
assets_tuning18_m7e194es0opt1_g54_r2,neorv32_debug_dtm,tap_reg.dmi,FP,stores,4,196,when addr_dmi_c    => tap_reg.dmi    <= tap_sync.tdi & tap_reg.dmi(tap_reg.dmi'left downto 1);,CLOCKED_BY clk_i,verified,C1,
assets_tuning18_m7e194es0opt1_g54_r0,neorv32_debug_dtm,tap_reg.idcode,FP,stores,3,187,when addr_idcode_c => tap_reg.idcode <= IDCODE_VERSION & IDCODE_PARTID & IDCODE_MANID & '1';,CLOCKED_BY clk_i,verified,C1,
assets_tuning18_m7e194es0opt1_g54_r1,neorv32_debug_dtm,tap_reg.idcode,FP,stores,3,187,when addr_idcode_c => tap_reg.idcode <= IDCODE_VERSION & IDCODE_PARTID & IDCODE_MANID & '1';,CLOCKED_BY clk_i,verified,C1,
assets_tuning18_m7e194es0opt1_g54_r2,neorv32_debug_dtm,tap_reg.idcode,FP,stores,3,187,when addr_idcode_c => tap_reg.idcode <= IDCODE_VERSION & IDCODE_PARTID & IDCODE_MANID & '1';,CLOCKED_BY clk_i,verified,C1,
assets_tuning18_m7e194es0opt1_g54_r0,neorv32_debug_dtm,tap_reg.ireg,FP,stores,4,181,tap_reg.ireg <= tap_sync.tdi & tap_reg.ireg(tap_reg.ireg'left downto 1);,CLOCKED_BY clk_i,verified,C1,
assets_tuning18_m7e194es0opt1_g54_r1,neorv32_debug_dtm,tap_reg.ireg,FP,stores,4,181,tap_reg.ireg <= tap_sync.tdi & tap_reg.ireg(tap_reg.ireg'left downto 1);,CLOCKED_BY clk_i,verified,C1,
assets_tuning18_m7e194es0opt1_g54_r2,neorv32_debug_dtm,tap_reg.ireg,FP,stores,4,181,tap_reg.ireg <= tap_sync.tdi & tap_reg.ireg(tap_reg.ireg'left downto 1);,CLOCKED_BY clk_i,verified,C1,
assets_tuning18_m7e194es0opt1_g54_r0,neorv32_spi,rtx_engine.cs_ctrl,FP,stores,4,290,rtx_engine.cs_ctrl <= tx_fifo.rdata(3 downto 0);,CLOCKED_BY clk_i,verified,C1,
assets_tuning18_m7e194es0opt1_g54_r1,neorv32_spi,rtx_engine.cs_ctrl,FP,stores,4,290,rtx_engine.cs_ctrl <= tx_fifo.rdata(3 downto 0);,CLOCKED_BY clk_i,verified,C1,
assets_tuning18_m7e194es0opt1_g54_r2,neorv32_spi,rtx_engine.cs_ctrl,FP,stores,4,290,rtx_engine.cs_ctrl <= tx_fifo.rdata(3 downto 0);,CLOCKED_BY clk_i,verified,C1,
assets_tuning18_m7e194es0opt1_g54_r0,neorv32_spi,rtx_engine.sck,FP,stores,5,309,rtx_engine.sck               <= not (ctrl.cpha xor ctrl.cpol);,CLOCKED_BY clk_i,verified,C1,
assets_tuning18_m7e194es0opt1_g54_r1,neorv32_spi,rtx_engine.sck,FP,stores,5,309,rtx_engine.sck               <= not (ctrl.cpha xor ctrl.cpol);,CLOCKED_BY clk_i,verified,C1,
assets_tuning18_m7e194es0opt1_g54_r2,neorv32_spi,rtx_engine.sck,FP,stores,5,309,rtx_engine.sck               <= not (ctrl.cpha xor ctrl.cpol);,CLOCKED_BY clk_i,verified,C1,
assets_tuning18_m7e194es0opt1_g54_r0,neorv32_spi,rtx_engine.sreg,FP,stores,5,318,rtx_engine.sreg <= rtx_engine.sreg(6 downto 0) & rtx_engine.sdi_sync;,CLOCKED_BY clk_i,verified,C1,
assets_tuning18_m7e194es0opt1_g54_r1,neorv32_spi,rtx_engine.sreg,FP,stores,5,318,rtx_engine.sreg <= rtx_engine.sreg(6 downto 0) & rtx_engine.sdi_sync;,CLOCKED_BY clk_i,verified,C1,
assets_tuning18_m7e194es0opt1_g54_r2,neorv32_spi,rtx_engine.sreg,FP,stores,4,292,rtx_engine.sreg              <= tx_fifo.rdata(7 downto 0);,CLOCKED_BY clk_i,verified,C1,
assets_tuning18_m7e194es0opt1_g54_r0,neorv32_trng,sample_sreg,FP,stores,4,360,sample_sreg <= sample_sreg(6 downto 0) & (sample_sreg(7) xor debias_data);,CLOCKED_BY clk_i,verified,C1,
assets_tuning18_m7e194es0opt1_g54_r1,neorv32_trng,sample_sreg,FP,stores,4,360,sample_sreg <= sample_sreg(6 downto 0) & (sample_sreg(7) xor debias_data);,CLOCKED_BY clk_i,verified,C1,
assets_tuning18_m7e194es0opt1_g54_r2,neorv32_trng,sample_sreg,FP,stores,4,360,sample_sreg <= sample_sreg(6 downto 0) & (sample_sreg(7) xor debias_data);,CLOCKED_BY clk_i,verified,C1,
assets_tuning18_m7e194es0opt1_g54_r0,neorv32_twi,engine.sreg,FP,stores,5,327,engine.sreg   <= fifo.tx_rdata(dcmd_msb_c downto dcmd_lsb_c) & (not fifo.tx_rdata(dcmd_ack_c));,CLOCKED_BY clk_i,verified,C1,
assets_tuning18_m7e194es0opt1_g54_r1,neorv32_twi,engine.sreg,FP,stores,5,327,engine.sreg   <= fifo.tx_rdata(dcmd_msb_c downto dcmd_lsb_c) & (not fifo.tx_rdata(dcmd_ack_c));,CLOCKED_BY clk_i,verified,C1,
assets_tuning18_m7e194es0opt1_g54_r2,neorv32_twi,engine.sreg,FP,stores,7,378,engine.sreg <= engine.sreg(7 downto 0) & io_con.sda_in_ff(1);,CLOCKED_BY clk_i,verified,C1,
assets_tuning18_m7e194es0opt1_g54_r0,neorv32_twi,io_con.scl_in_ff,FP,stores,5,315,io_con.scl_in_ff <= io_con.scl_in_ff(0) & io_con.scl_in;,CLOCKED_BY clk_i,verified,C1,
assets_tuning18_m7e194es0opt1_g54_r1,neorv32_twi,io_con.scl_in_ff,FP,stores,5,315,io_con.scl_in_ff <= io_con.scl_in_ff(0) & io_con.scl_in;,CLOCKED_BY clk_i,verified,C1,
assets_tuning18_m7e194es0opt1_g54_r2,neorv32_twi,io_con.scl_in_ff,FP,stores,5,315,io_con.scl_in_ff <= io_con.scl_in_ff(0) & io_con.scl_in;,CLOCKED_BY clk_i,verified,C1,
assets_tuning18_m7e194es0opt1_g54_r0,neorv32_twi,io_con.sda_in_ff,FP,stores,4,314,io_con.sda_in_ff <= io_con.sda_in_ff(0) & io_con.sda_in;,CLOCKED_BY clk_i,verified,C1,
assets_tuning18_m7e194es0opt1_g54_r1,neorv32_twi,io_con.sda_in_ff,FP,stores,4,314,io_con.sda_in_ff <= io_con.sda_in_ff(0) & io_con.sda_in;,CLOCKED_BY clk_i,verified,C1,
assets_tuning18_m7e194es0opt1_g54_r2,neorv32_twi,io_con.sda_in_ff,FP,stores,4,314,io_con.sda_in_ff <= io_con.sda_in_ff(0) & io_con.sda_in;,CLOCKED_BY clk_i,verified,C1,
assets_tuning18_m7e194es0opt1_g54_r0,neorv32_twi,io_con.sda_out,FP,stores,8,374,io_con.sda_out <= engine.sreg(8);,CLOCKED_BY clk_i,verified,C1,
assets_tuning18_m7e194es0opt1_g54_r1,neorv32_twi,io_con.sda_out,FP,stores,8,374,io_con.sda_out <= engine.sreg(8);,CLOCKED_BY clk_i,verified,C1,
assets_tuning18_m7e194es0opt1_g54_r2,neorv32_twi,io_con.sda_out,FP,stores,8,374,io_con.sda_out <= engine.sreg(8);,CLOCKED_BY clk_i,verified,C1,
assets_tuning18_m7e194es0opt1_g54_r0,neorv32_uart,rx_engine.sreg,FP,stores,4,434,rx_engine.sreg    <= rx_engine.sync(2) & rx_engine.sreg(rx_engine.sreg'left downto 1);,CLOCKED_BY clk_i,verified,C1,
assets_tuning18_m7e194es0opt1_g54_r1,neorv32_uart,rx_engine.sreg,FP,stores,4,434,rx_engine.sreg    <= rx_engine.sync(2) & rx_engine.sreg(rx_engine.sreg'left downto 1);,CLOCKED_BY clk_i,verified,C1,
assets_tuning18_m7e194es0opt1_g54_r2,neorv32_uart,rx_engine.sreg,FP,stores,4,434,rx_engine.sreg    <= rx_engine.sync(2) & rx_engine.sreg(rx_engine.sreg'left downto 1);,CLOCKED_BY clk_i,verified,C1,
assets_tuning18_m7e194es0opt1_g54_r0,neorv32_uart,tx_engine.sreg,FP,stores,3,351,tx_engine.sreg    <= tx_fifo.rdata & '0';,CLOCKED_BY clk_i,verified,C1,
assets_tuning18_m7e194es0opt1_g54_r1,neorv32_uart,tx_engine.sreg,FP,stores,3,351,tx_engine.sreg    <= tx_fifo.rdata & '0';,CLOCKED_BY clk_i,verified,C1,
assets_tuning18_m7e194es0opt1_g54_r2,neorv32_uart,tx_engine.sreg,FP,stores,3,351,tx_engine.sreg    <= tx_fifo.rdata & '0';,CLOCKED_BY clk_i,verified,C1,
assets_tuning18_m7e194es0opt1_g54_r1,neorv32_cache,clr_i,FP,sets,2,380,if (clr_i = '1') then,GATES valid_mem,verified,C10,
assets_tuning18_m7e194es0opt1_g54_r2,neorv32_cache,clr_i,FP,sets,2,380,if (clr_i = '1') then,GATES valid_mem,verified,C10,
assets_tuning18_m7e194es0opt1_g54_r1,neorv32_cache,inv_i,FP,sets,2,382,elsif (inv_i = '1') then,GATES valid_mem,verified,C10,
assets_tuning18_m7e194es0opt1_g54_r2,neorv32_cache,inv_i,FP,sets,2,382,elsif (inv_i = '1') then,GATES valid_mem,verified,C10,
assets_tuning18_m7e194es0opt1_g54_r1,neorv32_cache,new_i,FP,sets,2,384,elsif (new_i = '1') then,GATES valid_mem,verified,C10,
assets_tuning18_m7e194es0opt1_g54_r2,neorv32_cache,new_i,FP,sets,3,397,if (new_i = '1') then,GATES tag_mem,verified,C10,
assets_tuning18_m7e194es0opt1_g54_r1,neorv32_cpu_cp_cfu,funct3_i,FP,sets,2,213,if (funct3_i(2) = '1') then,GATES xtea.sum,verified,C10,
assets_tuning18_m7e194es0opt1_g54_r2,neorv32_cpu_cp_cfu,funct3_i,FP,sets,12,247,case funct3_i is,SELECTS result_o,verified,C10,
assets_tuning18_m7e194es0opt1_g54_r0,neorv32_cpu_cp_cfu,rtype_i,FP,sets,2,204,if (start_i = '1') and (rtype_i = r3type_c) then,GATES xtea.done,verified,C10,
assets_tuning18_m7e194es0opt1_g54_r1,neorv32_cpu_cp_cfu,rtype_i,FP,sets,4,245,if (rtype_i = r3type_c) then,GATES result_o,verified,C10,
assets_tuning18_m7e194es0opt1_g54_r2,neorv32_cpu_cp_cfu,rtype_i,FP,sets,2,204,if (start_i = '1') and (rtype_i = r3type_c) then,GATES xtea.done,verified,C10,
assets_tuning18_m7e194es0opt1_g54_r1,neorv32_sys,rstn_dbg_i,FP,sets,2,54,if (rstn_wdt_i = '0') or (rstn_dbg_i = '0') then,GATES sreg_sys,verified,C10,
assets_tuning18_m7e194es0opt1_g54_r1,neorv32_sys,rstn_wdt_i,FP,sets,2,54,if (rstn_wdt_i = '0') or (rstn_dbg_i = '0') then,GATES sreg_sys,verified,C10,
assets_tuning18_m7e194es0opt1_g54_r0,neorv32_bus,arbiter_nxt.cmd,FP,sets,2,778,arbiter_nxt.cmd   <= core_req_i.amoop;,COPIES core_req_i.amoop,verified,C11,
assets_tuning18_m7e194es0opt1_g54_r2,neorv32_bus,arbiter_nxt.cmd,FP,computes,2,778,arbiter_nxt.cmd   <= core_req_i.amoop;,SELECTED_BY arbiter.state,verified,C11,
assets_tuning18_m7e194es0opt1_g54_r0,neorv32_bus,arbiter_nxt.rdata,FP,sets,2,785,arbiter_nxt.rdata <= sys_rsp_i.data;,COPIES sys_rsp_i.data,verified,C11,
assets_tuning18_m7e194es0opt1_g54_r2,neorv32_bus,arbiter_nxt.rdata,FP,computes,2,785,arbiter_nxt.rdata <= sys_rsp_i.data;,SELECTED_BY arbiter.state,verified,C11,
assets_tuning18_m7e194es0opt1_g54_r0,neorv32_bus,arbiter_nxt.wdata,FP,sets,2,779,arbiter_nxt.wdata <= core_req_i.data;,COPIES core_req_i.data,verified,C11,
assets_tuning18_m7e194es0opt1_g54_r2,neorv32_bus,arbiter_nxt.wdata,FP,computes,2,779,arbiter_nxt.wdata <= core_req_i.data;,SELECTED_BY arbiter.state,verified,C11,
assets_tuning18_m7e194es0opt1_g54_r0,neorv32_cache,cache_o.addr,FP,computes,3,225,"cache_o.addr    <= ctrl.tag & ctrl.idx & ctrl.ofs & ""00"";",DERIVES_FROM ctrl.tag,verified,C11,
assets_tuning18_m7e194es0opt1_g54_r0,neorv32_cache,ctrl_nxt.idx,FP,computes,3,181,ctrl_nxt.idx     <= host_req_i.addr((offset_size_c+2+index_size_c)-1 downto offset_size_c+2);,DERIVES_FROM host_req_i.addr,verified,C11,
assets_tuning18_m7e194es0opt1_g54_r1,neorv32_cache,ctrl_nxt.idx,FP,computes,3,181,ctrl_nxt.idx     <= host_req_i.addr((offset_size_c+2+index_size_c)-1 downto offset_size_c+2);,DERIVES_FROM host_req_i.addr,verified,C11,
assets_tuning18_m7e194es0opt1_g54_r2,neorv32_cache,ctrl_nxt.idx,FP,computes,3,181,ctrl_nxt.idx     <= host_req_i.addr((offset_size_c+2+index_size_c)-1 downto offset_size_c+2);,DERIVES_FROM host_req_i.addr,verified,C11,
assets_tuning18_m7e194es0opt1_g54_r0,neorv32_cache,ctrl_nxt.tag,FP,computes,3,180,ctrl_nxt.tag     <= host_req_i.addr(31 downto 32-tag_size_c);,DERIVES_FROM host_req_i.addr,verified,C11,
assets_tuning18_m7e194es0opt1_g54_r1,neorv32_cache,ctrl_nxt.tag,FP,computes,3,180,ctrl_nxt.tag     <= host_req_i.addr(31 downto 32-tag_size_c);,DERIVES_FROM host_req_i.addr,verified,C11,
assets_tuning18_m7e194es0opt1_g54_r2,neorv32_cache,ctrl_nxt.tag,FP,computes,3,180,ctrl_nxt.tag     <= host_req_i.addr(31 downto 32-tag_size_c);,DERIVES_FROM host_req_i.addr,verified,C11,
assets_tuning18_m7e194es0opt1_g54_r0,neorv32_spi,spi_clk_o,FP,exit port,2,344,spi_clk_o <= rtx_engine.sck;,COPIES rtx_engine.sck,verified,C12,
assets_tuning18_m7e194es0opt1_g54_r1,neorv32_spi,spi_clk_o,FP,exit port,2,344,spi_clk_o <= rtx_engine.sck;,COPIES rtx_engine.sck,verified,C12,
assets_tuning18_m7e194es0opt1_g54_r2,neorv32_spi,spi_clk_o,FP,exit port,2,344,spi_clk_o <= rtx_engine.sck;,COPIES rtx_engine.sck,verified,C12,
assets_tuning18_m7e194es0opt1_g54_r0,neorv32_twi,clkgen_en_o,FP,exit port,2,270,clkgen_en_o <= ctrl.enable;,COPIES ctrl.enable,verified,C12,
assets_tuning18_m7e194es0opt1_g54_r1,neorv32_twi,clkgen_en_o,FP,exit port,2,270,clkgen_en_o <= ctrl.enable;,COPIES ctrl.enable,verified,C12,
assets_tuning18_m7e194es0opt1_g54_r2,neorv32_twi,clkgen_en_o,FP,exit port,2,270,clkgen_en_o <= ctrl.enable;,COPIES ctrl.enable,verified,C12,
assets_tuning18_m7e194es0opt1_g54_r0,neorv32_twi,twi_scl_o,FP,exit port,2,407,twi_scl_o     <= io_con.scl_out;,COPIES io_con.scl_out,verified,C12,
assets_tuning18_m7e194es0opt1_g54_r1,neorv32_twi,twi_scl_o,FP,exit port,2,407,twi_scl_o     <= io_con.scl_out;,COPIES io_con.scl_out,verified,C12,
assets_tuning18_m7e194es0opt1_g54_r2,neorv32_twi,twi_scl_o,FP,exit port,2,407,twi_scl_o     <= io_con.scl_out;,COPIES io_con.scl_out,verified,C12,
assets_tuning18_m7e194es0opt1_g54_r0,neorv32_wdt,rstn_o,FP,exit port,2,161,rstn_o <= not (hw_rst_timeout or hw_rst_access);,DERIVES_FROM hw_rst_timeout,verified,C12,
assets_tuning18_m7e194es0opt1_g54_r1,neorv32_wdt,rstn_o,FP,exit port,2,161,rstn_o <= not (hw_rst_timeout or hw_rst_access);,DERIVES_FROM hw_rst_timeout,verified,C12,
assets_tuning18_m7e194es0opt1_g54_r2,neorv32_wdt,rstn_o,FP,exit port,2,161,rstn_o <= not (hw_rst_timeout or hw_rst_access);,DERIVES_FROM hw_rst_timeout,verified,C12,
assets_tuning18_m7e194es0opt1_g54_r0,neorv32_bus,keeper.busy,FP,stores,4,419,keeper.busy <= req_i.stb;,CLOCKED_BY clk_i,verified,C13,
assets_tuning18_m7e194es0opt1_g54_r1,neorv32_bus,keeper.busy,FP,stores,4,419,keeper.busy <= req_i.stb;,CLOCKED_BY clk_i,verified,C13,
assets_tuning18_m7e194es0opt1_g54_r2,neorv32_bus,keeper.busy,FP,stores,4,419,keeper.busy <= req_i.stb;,CLOCKED_BY clk_i,verified,C13,
assets_tuning18_m7e194es0opt1_g54_r0,neorv32_debug_dtm,tap_ctrl_state,FP,stores,4,123,when LOGIC_RESET => if (tap_sync.tms = '0') then tap_ctrl_state <= RUN_IDLE;   else tap_ctrl_state <= LOGIC_RESET; end if;,CLOCKED_BY clk_i,verified,C13,
assets_tuning18_m7e194es0opt1_g54_r1,neorv32_debug_dtm,tap_ctrl_state,FP,stores,4,123,when LOGIC_RESET => if (tap_sync.tms = '0') then tap_ctrl_state <= RUN_IDLE;   else tap_ctrl_state <= LOGIC_RESET; end if;,CLOCKED_BY clk_i,verified,C13,
assets_tuning18_m7e194es0opt1_g54_r2,neorv32_debug_dtm,tap_ctrl_state,FP,stores,4,123,when LOGIC_RESET => if (tap_sync.tms = '0') then tap_ctrl_state <= RUN_IDLE;   else tap_ctrl_state <= LOGIC_RESET; end if;,CLOCKED_BY clk_i,verified,C13,
assets_tuning18_m7e194es0opt1_g54_r0,neorv32_spi,cdiv_cnt,FP,stores,6,376,cdiv_cnt <= std_ulogic_vector(unsigned(cdiv_cnt) + 1);,CLOCKED_BY clk_i,verified,C13,
assets_tuning18_m7e194es0opt1_g54_r1,neorv32_spi,cdiv_cnt,FP,stores,6,376,cdiv_cnt <= std_ulogic_vector(unsigned(cdiv_cnt) + 1);,CLOCKED_BY clk_i,verified,C13,
assets_tuning18_m7e194es0opt1_g54_r0,neorv32_spi,spi_clk_en,FP,computes,7,373,spi_clk_en <= '1';,CONSTRAINED_BY cdiv_cnt,verified,C13,
assets_tuning18_m7e194es0opt1_g54_r1,neorv32_spi,spi_clk_en,FP,stores,7,373,spi_clk_en <= '1';,CLOCKED_BY clk_i,verified,C13,
assets_tuning18_m7e194es0opt1_g54_r2,neorv32_twi,clk_gen.tick,FP,stores,6,259,clk_gen.tick <= '1';,CLOCKED_BY clk_i,verified,C13,
assets_tuning18_m7e194es0opt1_g54_r0,neorv32_wdt,reset_force,FP,stores,4,99,reset_force <= '1';,CLOCKED_BY clk_i,verified,C13,
assets_tuning18_m7e194es0opt1_g54_r0,neorv32_cache,wdata_i,FP,sets,2,414,data_mem_b0(to_integer(unsigned(acc_adr))) <= wdata_i(7 downto 0);,SOURCES data_mem_b0,verified,C14,
assets_tuning18_m7e194es0opt1_g54_r1,neorv32_cache,wdata_i,FP,sets,2,414,data_mem_b0(to_integer(unsigned(acc_adr))) <= wdata_i(7 downto 0);,SOURCES data_mem_b0,verified,C14,
assets_tuning18_m7e194es0opt1_g54_r2,neorv32_cache,wdata_i,FP,sets,2,414,data_mem_b0(to_integer(unsigned(acc_adr))) <= wdata_i(7 downto 0);,SOURCES data_mem_b0,verified,C14,
assets_tuning18_m7e194es0opt1_g54_r0,neorv32_trng,enable_i,FP,sets,2,354,sample_en <= enable_i;,CARRIES sample_en,verified,C14,
assets_tuning18_m7e194es0opt1_g54_r1,neorv32_trng,enable_i,FP,sets,2,354,sample_en <= enable_i;,CARRIES sample_en,verified,C14,
assets_tuning18_m7e194es0opt1_g54_r2,neorv32_trng,enable_i,FP,sets,2,354,sample_en <= enable_i;,CARRIES sample_en,verified,C14,
assets_tuning18_m7e194es0opt1_g54_r0,neorv32_twi,twi_scl_i,FP,sets,2,409,io_con.scl_in <= to_stdulogic(to_bit(twi_scl_i));,SOURCES io_con.scl_in,verified,C14,
assets_tuning18_m7e194es0opt1_g54_r1,neorv32_twi,twi_scl_i,FP,sets,2,409,io_con.scl_in <= to_stdulogic(to_bit(twi_scl_i));,SOURCES io_con.scl_in,verified,C14,
assets_tuning18_m7e194es0opt1_g54_r2,neorv32_twi,twi_scl_i,FP,sets,2,409,io_con.scl_in <= to_stdulogic(to_bit(twi_scl_i));,SOURCES io_con.scl_in,verified,C14,
assets_tuning18_m7e194es0opt1_g54_r0,neorv32_cache,cache_o.cmd_clr,FP,computes,3,219,cache_o.cmd_clr   <= '1';,SELECTED_BY ctrl.state,verified,C15,
assets_tuning18_m7e194es0opt1_g54_r2,neorv32_cache,cache_o.cmd_clr,FP,computes,3,219,cache_o.cmd_clr   <= '1';,SELECTED_BY ctrl.state,verified,C15,
assets_tuning18_m7e194es0opt1_g54_r0,neorv32_cache,cache_o.cmd_inv,FP,computes,3,255,cache_o.cmd_inv <= '1';,SELECTED_BY ctrl.state,verified,C15,
assets_tuning18_m7e194es0opt1_g54_r2,neorv32_cache,cache_o.cmd_inv,FP,computes,3,255,cache_o.cmd_inv <= '1';,GATED_BY ctrl.buf_err,verified,C15,
assets_tuning18_m7e194es0opt1_g54_r0,neorv32_cache,cache_o.cmd_new,FP,computes,3,226,cache_o.cmd_new <= '1';,SELECTED_BY ctrl.state,verified,C15,
assets_tuning18_m7e194es0opt1_g54_r0,neorv32_trng,fifo.clear,FP,computes,3,170,fifo.clear <= '1' when (enable = '0') or (fifo_clr = '1') else '0';,GATED_BY enable,verified,C15,
assets_tuning18_m7e194es0opt1_g54_r1,neorv32_trng,fifo.clear,FP,computes,3,170,fifo.clear <= '1' when (enable = '0') or (fifo_clr = '1') else '0';,GATED_BY fifo_clr,verified,C15,
assets_tuning18_m7e194es0opt1_g54_r2,neorv32_trng,fifo.clear,FP,computes,3,170,fifo.clear <= '1' when (enable = '0') or (fifo_clr = '1') else '0';,GATED_BY fifo_clr,verified,C15,
assets_tuning18_m7e194es0opt1_g54_r2,neorv32_debug_dtm,dr_trigger.valid,FP,computes,2,161,"dr_trigger.valid <= '1' when (dr_trigger.sreg = ""01"") else '0';",GATED_BY dr_trigger.sreg,verified,C16,
assets_tuning18_m7e194es0opt1_g54_r0,neorv32_twi,clk_gen.halt,FP,computes,3,296,clk_gen.halt <= '1' when (io_con.scl_out = '1') and (io_con.scl_in_ff(1) = '0') and (ctrl.clkstr = '1') else '0';,GATED_BY ctrl.clkstr,verified,C16,
assets_tuning18_m7e194es0opt1_g54_r1,neorv32_twi,clk_gen.halt,FP,computes,3,296,clk_gen.halt <= '1' when (io_con.scl_out = '1') and (io_con.scl_in_ff(1) = '0') and (ctrl.clkstr = '1') else '0';,GATED_BY io_con.scl_in_ff,verified,C16,
assets_tuning18_m7e194es0opt1_g54_r2,neorv32_twi,clk_gen.halt,FP,computes,3,296,clk_gen.halt <= '1' when (io_con.scl_out = '1') and (io_con.scl_in_ff(1) = '0') and (ctrl.clkstr = '1') else '0';,GATED_BY ctrl.clkstr,verified,C16,
assets_tuning18_m7e194es0opt1_g54_r0,neorv32_twi,engine.busy,FP,computes,6,401,"engine.busy <= '1' when (engine.state(2) = '1') and (engine.state(1 downto 0) /= ""00"") else '0';",GATED_BY engine.state,verified,C16,
assets_tuning18_m7e194es0opt1_g54_r1,neorv32_twi,engine.busy,FP,computes,6,401,"engine.busy <= '1' when (engine.state(2) = '1') and (engine.state(1 downto 0) /= ""00"") else '0';",GATED_BY engine.state,verified,C16,
assets_tuning18_m7e194es0opt1_g54_r2,neorv32_twi,engine.busy,FP,computes,6,401,"engine.busy <= '1' when (engine.state(2) = '1') and (engine.state(1 downto 0) /= ""00"") else '0';",GATED_BY engine.state,verified,C16,
assets_tuning18_m7e194es0opt1_g54_r0,neorv32_sys,rstn_ext_o,FP,exit port,3,52,rstn_ext_o <= and_reduce_f(sreg_ext);,DERIVES_FROM sreg_ext,verified,C17,
assets_tuning18_m7e194es0opt1_g54_r1,neorv32_sys,rstn_ext_o,FP,exit port,3,52,rstn_ext_o <= and_reduce_f(sreg_ext);,DERIVES_FROM sreg_ext,verified,C17,
assets_tuning18_m7e194es0opt1_g54_r2,neorv32_sys,rstn_ext_o,FP,exit port,3,52,rstn_ext_o <= and_reduce_f(sreg_ext);,DERIVES_FROM sreg_ext,verified,C17,
assets_tuning18_m7e194es0opt1_g54_r0,neorv32_sys,rstn_sys_o,FP,exit port,3,59,rstn_sys_o <= and_reduce_f(sreg_sys);,DERIVES_FROM sreg_sys,verified,C17,
assets_tuning18_m7e194es0opt1_g54_r1,neorv32_sys,rstn_sys_o,FP,exit port,3,59,rstn_sys_o <= and_reduce_f(sreg_sys);,DERIVES_FROM sreg_sys,verified,C17,
assets_tuning18_m7e194es0opt1_g54_r2,neorv32_sys,rstn_sys_o,FP,exit port,3,59,rstn_sys_o <= and_reduce_f(sreg_sys);,DERIVES_FROM sreg_sys,verified,C17,
assets_tuning18_m7e194es0opt1_g54_r0,neorv32_cpu_cp_cfu,csr_rdata_o,FP,exit port,2,185,csr_rdata_o <= key_mem(to_integer(unsigned(csr_addr_i)));,DERIVES_FROM key_mem,verified,C18,
assets_tuning18_m7e194es0opt1_g54_r1,neorv32_cpu_cp_cfu,csr_rdata_o,FP,exit port,2,185,csr_rdata_o <= key_mem(to_integer(unsigned(csr_addr_i)));,DERIVES_FROM key_mem,verified,C18,
assets_tuning18_m7e194es0opt1_g54_r2,neorv32_cpu_cp_cfu,csr_rdata_o,FP,exit port,2,185,csr_rdata_o <= key_mem(to_integer(unsigned(csr_addr_i)));,DERIVES_FROM key_mem,verified,C18,
assets_tuning18_m7e194es0opt1_g54_r0,neorv32_cpu_pmp,csr_o,FP,exit port,2,190,csr_o <= cfg_rd32(to_integer(unsigned(ctrl_i.csr_addr(1 downto 0))));,DERIVES_FROM cfg_rd32,verified,C18,
assets_tuning18_m7e194es0opt1_g54_r1,neorv32_cpu_pmp,csr_o,FP,exit port,2,190,csr_o <= cfg_rd32(to_integer(unsigned(ctrl_i.csr_addr(1 downto 0))));,DERIVES_FROM cfg_rd32,verified,C18,
assets_tuning18_m7e194es0opt1_g54_r2,neorv32_cpu_pmp,csr_o,FP,exit port,2,190,csr_o <= cfg_rd32(to_integer(unsigned(ctrl_i.csr_addr(1 downto 0))));,DERIVES_FROM cfg_rd32,verified,C18,
assets_tuning18_m7e194es0opt1_g54_r0,neorv32_bus,locked,FP,stores,3,57,locked <= locked_nxt;,CLOCKED_BY clk_i,verified,C19,
assets_tuning18_m7e194es0opt1_g54_r1,neorv32_bus,locked,FP,stores,3,57,locked <= locked_nxt;,CLOCKED_BY clk_i,verified,C19,
assets_tuning18_m7e194es0opt1_g54_r2,neorv32_bus,locked,FP,stores,3,57,locked <= locked_nxt;,CLOCKED_BY clk_i,verified,C19,
assets_tuning18_m7e194es0opt1_g54_r0,neorv32_bus,sel_q,FP,stores,3,56,sel_q  <= sel;,CLOCKED_BY clk_i,verified,C19,
assets_tuning18_m7e194es0opt1_g54_r1,neorv32_bus,sel_q,FP,stores,3,56,sel_q  <= sel;,CLOCKED_BY clk_i,verified,C19,
assets_tuning18_m7e194es0opt1_g54_r2,neorv32_bus,sel_q,FP,stores,3,56,sel_q  <= sel;,CLOCKED_BY clk_i,verified,C19,
assets_tuning18_m7e194es0opt1_g54_r0,neorv32_bus,keeper.lock,FP,stores,3,420,keeper.lock <= req_i.lock;,CLOCKED_BY clk_i,verified,C2,
assets_tuning18_m7e194es0opt1_g54_r1,neorv32_bus,keeper.lock,FP,stores,3,420,keeper.lock <= req_i.lock;,CLOCKED_BY clk_i,verified,C2,
assets_tuning18_m7e194es0opt1_g54_r2,neorv32_bus,keeper.lock,FP,stores,3,420,keeper.lock <= req_i.lock;,CLOCKED_BY clk_i,verified,C2,
assets_tuning18_m7e194es0opt1_g54_r0,neorv32_cpu_cp_cfu,xtea.opa,FP,stores,3,205,xtea.opa     <= rs1_i;,CLOCKED_BY clk_i,verified,C2,
assets_tuning18_m7e194es0opt1_g54_r1,neorv32_cpu_cp_cfu,xtea.opa,FP,stores,3,205,xtea.opa     <= rs1_i;,CLOCKED_BY clk_i,verified,C2,
assets_tuning18_m7e194es0opt1_g54_r2,neorv32_cpu_cp_cfu,xtea.opa,FP,stores,3,205,xtea.opa     <= rs1_i;,CLOCKED_BY clk_i,verified,C2,
assets_tuning18_m7e194es0opt1_g54_r0,neorv32_cpu_cp_cfu,xtea.opb,FP,stores,3,206,xtea.opb     <= rs2_i;,CLOCKED_BY clk_i,verified,C2,
assets_tuning18_m7e194es0opt1_g54_r1,neorv32_cpu_cp_cfu,xtea.opb,FP,stores,3,206,xtea.opb     <= rs2_i;,CLOCKED_BY clk_i,verified,C2,
assets_tuning18_m7e194es0opt1_g54_r2,neorv32_cpu_cp_cfu,xtea.opb,FP,stores,3,206,xtea.opb     <= rs2_i;,CLOCKED_BY clk_i,verified,C2,
assets_tuning18_m7e194es0opt1_g54_r0,neorv32_cpu_cp_muldiv,div.sign_mod,FP,stores,3,276,div.sign_mod <= (rs1_i(rs1_i'left) xor rs2_i(rs2_i'left)) and or_reduce_f(rs2_i);,CLOCKED_BY clk_i,verified,C2,
assets_tuning18_m7e194es0opt1_g54_r1,neorv32_cpu_cp_muldiv,div.sign_mod,FP,stores,3,276,div.sign_mod <= (rs1_i(rs1_i'left) xor rs2_i(rs2_i'left)) and or_reduce_f(rs2_i);,CLOCKED_BY clk_i,verified,C2,
assets_tuning18_m7e194es0opt1_g54_r2,neorv32_cpu_cp_muldiv,div.sign_mod,FP,stores,3,276,div.sign_mod <= (rs1_i(rs1_i'left) xor rs2_i(rs2_i'left)) and or_reduce_f(rs2_i);,CLOCKED_BY clk_i,verified,C2,
assets_tuning18_m7e194es0opt1_g54_r0,neorv32_spi,ctrl.cpha,FP,stores,3,141,ctrl.cpha         <= bus_req_i.data(ctrl_cpha_c);,CLOCKED_BY clk_i,verified,C2,
assets_tuning18_m7e194es0opt1_g54_r1,neorv32_spi,ctrl.cpha,FP,stores,3,141,ctrl.cpha         <= bus_req_i.data(ctrl_cpha_c);,CLOCKED_BY clk_i,verified,C2,
assets_tuning18_m7e194es0opt1_g54_r2,neorv32_spi,ctrl.cpha,FP,stores,3,141,ctrl.cpha         <= bus_req_i.data(ctrl_cpha_c);,CLOCKED_BY clk_i,verified,C2,
assets_tuning18_m7e194es0opt1_g54_r0,neorv32_spi,ctrl.cpol,FP,stores,3,142,ctrl.cpol         <= bus_req_i.data(ctrl_cpol_c);,CLOCKED_BY clk_i,verified,C2,
assets_tuning18_m7e194es0opt1_g54_r1,neorv32_spi,ctrl.cpol,FP,stores,3,142,ctrl.cpol         <= bus_req_i.data(ctrl_cpol_c);,CLOCKED_BY clk_i,verified,C2,
assets_tuning18_m7e194es0opt1_g54_r2,neorv32_spi,ctrl.cpol,FP,stores,3,142,ctrl.cpol         <= bus_req_i.data(ctrl_cpol_c);,CLOCKED_BY clk_i,verified,C2,
assets_tuning18_m7e194es0opt1_g54_r0,neorv32_spi,ctrl.highspeed,FP,stores,3,145,ctrl.highspeed    <= bus_req_i.data(ctrl_highspeed_c);,CLOCKED_BY clk_i,verified,C2,
assets_tuning18_m7e194es0opt1_g54_r1,neorv32_spi,ctrl.highspeed,FP,stores,3,145,ctrl.highspeed    <= bus_req_i.data(ctrl_highspeed_c);,CLOCKED_BY clk_i,verified,C2,
assets_tuning18_m7e194es0opt1_g54_r2,neorv32_spi,ctrl.highspeed,FP,stores,3,145,ctrl.highspeed    <= bus_req_i.data(ctrl_highspeed_c);,CLOCKED_BY clk_i,verified,C2,
assets_tuning18_m7e194es0opt1_g54_r0,neorv32_spi,ctrl.irq_idle,FP,stores,3,149,ctrl.irq_idle     <= bus_req_i.data(ctrl_irq_idle_c);,CLOCKED_BY clk_i,verified,C2,
assets_tuning18_m7e194es0opt1_g54_r1,neorv32_spi,ctrl.irq_idle,FP,stores,3,149,ctrl.irq_idle     <= bus_req_i.data(ctrl_irq_idle_c);,CLOCKED_BY clk_i,verified,C2,
assets_tuning18_m7e194es0opt1_g54_r2,neorv32_spi,ctrl.irq_idle,FP,stores,3,149,ctrl.irq_idle     <= bus_req_i.data(ctrl_irq_idle_c);,CLOCKED_BY clk_i,verified,C2,
assets_tuning18_m7e194es0opt1_g54_r0,neorv32_spi,ctrl.irq_rx_avail,FP,stores,3,146,ctrl.irq_rx_avail <= bus_req_i.data(ctrl_irq_rx_avail_c);,CLOCKED_BY clk_i,verified,C2,
assets_tuning18_m7e194es0opt1_g54_r1,neorv32_spi,ctrl.irq_rx_avail,FP,stores,3,146,ctrl.irq_rx_avail <= bus_req_i.data(ctrl_irq_rx_avail_c);,CLOCKED_BY clk_i,verified,C2,
assets_tuning18_m7e194es0opt1_g54_r2,neorv32_spi,ctrl.irq_rx_avail,FP,stores,3,146,ctrl.irq_rx_avail <= bus_req_i.data(ctrl_irq_rx_avail_c);,CLOCKED_BY clk_i,verified,C2,
assets_tuning18_m7e194es0opt1_g54_r0,neorv32_spi,ctrl.irq_tx_empty,FP,stores,3,147,ctrl.irq_tx_empty <= bus_req_i.data(ctrl_irq_tx_empty_c);,CLOCKED_BY clk_i,verified,C2,
assets_tuning18_m7e194es0opt1_g54_r1,neorv32_spi,ctrl.irq_tx_empty,FP,stores,3,147,ctrl.irq_tx_empty <= bus_req_i.data(ctrl_irq_tx_empty_c);,CLOCKED_BY clk_i,verified,C2,
assets_tuning18_m7e194es0opt1_g54_r2,neorv32_spi,ctrl.irq_tx_empty,FP,stores,3,147,ctrl.irq_tx_empty <= bus_req_i.data(ctrl_irq_tx_empty_c);,CLOCKED_BY clk_i,verified,C2,
assets_tuning18_m7e194es0opt1_g54_r0,neorv32_spi,ctrl.irq_tx_nhalf,FP,stores,3,148,ctrl.irq_tx_nhalf <= bus_req_i.data(ctrl_irq_tx_nhalf_c);,CLOCKED_BY clk_i,verified,C2,
assets_tuning18_m7e194es0opt1_g54_r1,neorv32_spi,ctrl.irq_tx_nhalf,FP,stores,3,148,ctrl.irq_tx_nhalf <= bus_req_i.data(ctrl_irq_tx_nhalf_c);,CLOCKED_BY clk_i,verified,C2,
assets_tuning18_m7e194es0opt1_g54_r2,neorv32_spi,ctrl.irq_tx_nhalf,FP,stores,3,148,ctrl.irq_tx_nhalf <= bus_req_i.data(ctrl_irq_tx_nhalf_c);,CLOCKED_BY clk_i,verified,C2,
assets_tuning18_m7e194es0opt1_g54_r0,neorv32_twi,ctrl.clkstr,FP,stores,2,139,ctrl.clkstr <= bus_req_i.data(ctrl_clkstr_en_c);,CLOCKED_BY clk_i,verified,C2,
assets_tuning18_m7e194es0opt1_g54_r1,neorv32_twi,ctrl.clkstr,FP,stores,2,139,ctrl.clkstr <= bus_req_i.data(ctrl_clkstr_en_c);,CLOCKED_BY clk_i,verified,C2,
assets_tuning18_m7e194es0opt1_g54_r2,neorv32_twi,ctrl.clkstr,FP,stores,2,139,ctrl.clkstr <= bus_req_i.data(ctrl_clkstr_en_c);,CLOCKED_BY clk_i,verified,C2,
assets_tuning18_m7e194es0opt1_g54_r1,neorv32_uart,ctrl.clr_rx,FP,stores,4,190,ctrl.clr_rx        <= bus_req_i.data(ctrl_rx_clr_c);,CLOCKED_BY clk_i,verified,C2,
assets_tuning18_m7e194es0opt1_g54_r1,neorv32_uart,ctrl.clr_tx,FP,stores,4,191,ctrl.clr_tx        <= bus_req_i.data(ctrl_tx_clr_c);,CLOCKED_BY clk_i,verified,C2,
assets_tuning18_m7e194es0opt1_g54_r0,neorv32_uart,ctrl.hwfc_en,FP,stores,3,181,ctrl.hwfc_en       <= bus_req_i.data(ctrl_hwfc_en_c);,CLOCKED_BY clk_i,verified,C2,
assets_tuning18_m7e194es0opt1_g54_r1,neorv32_uart,ctrl.hwfc_en,FP,stores,3,181,ctrl.hwfc_en       <= bus_req_i.data(ctrl_hwfc_en_c);,CLOCKED_BY clk_i,verified,C2,
assets_tuning18_m7e194es0opt1_g54_r2,neorv32_uart,ctrl.hwfc_en,FP,stores,3,181,ctrl.hwfc_en       <= bus_req_i.data(ctrl_hwfc_en_c);,CLOCKED_BY clk_i,verified,C2,
assets_tuning18_m7e194es0opt1_g54_r0,neorv32_uart,ctrl.irq_rx_full,FP,stores,3,187,ctrl.irq_rx_full   <= bus_req_i.data(ctrl_irq_rx_full_c);,CLOCKED_BY clk_i,verified,C2,
assets_tuning18_m7e194es0opt1_g54_r1,neorv32_uart,ctrl.irq_rx_full,FP,stores,3,187,ctrl.irq_rx_full   <= bus_req_i.data(ctrl_irq_rx_full_c);,CLOCKED_BY clk_i,verified,C2,
assets_tuning18_m7e194es0opt1_g54_r2,neorv32_uart,ctrl.irq_rx_full,FP,stores,3,187,ctrl.irq_rx_full   <= bus_req_i.data(ctrl_irq_rx_full_c);,CLOCKED_BY clk_i,verified,C2,
assets_tuning18_m7e194es0opt1_g54_r0,neorv32_uart,ctrl.irq_rx_half,FP,stores,3,186,ctrl.irq_rx_half   <= bus_req_i.data(ctrl_irq_rx_half_c);,CLOCKED_BY clk_i,verified,C2,
assets_tuning18_m7e194es0opt1_g54_r1,neorv32_uart,ctrl.irq_rx_half,FP,stores,3,186,ctrl.irq_rx_half   <= bus_req_i.data(ctrl_irq_rx_half_c);,CLOCKED_BY clk_i,verified,C2,
assets_tuning18_m7e194es0opt1_g54_r2,neorv32_uart,ctrl.irq_rx_half,FP,stores,3,186,ctrl.irq_rx_half   <= bus_req_i.data(ctrl_irq_rx_half_c);,CLOCKED_BY clk_i,verified,C2,
assets_tuning18_m7e194es0opt1_g54_r0,neorv32_uart,ctrl.irq_rx_nempty,FP,stores,3,185,ctrl.irq_rx_nempty <= bus_req_i.data(ctrl_irq_rx_nempty_c);,CLOCKED_BY clk_i,verified,C2,
assets_tuning18_m7e194es0opt1_g54_r1,neorv32_uart,ctrl.irq_rx_nempty,FP,stores,3,185,ctrl.irq_rx_nempty <= bus_req_i.data(ctrl_irq_rx_nempty_c);,CLOCKED_BY clk_i,verified,C2,
assets_tuning18_m7e194es0opt1_g54_r2,neorv32_uart,ctrl.irq_rx_nempty,FP,stores,3,185,ctrl.irq_rx_nempty <= bus_req_i.data(ctrl_irq_rx_nempty_c);,CLOCKED_BY clk_i,verified,C2,
assets_tuning18_m7e194es0opt1_g54_r0,neorv32_uart,ctrl.irq_tx_empty,FP,stores,3,188,ctrl.irq_tx_empty  <= bus_req_i.data(ctrl_irq_tx_empty_c);,CLOCKED_BY clk_i,verified,C2,
assets_tuning18_m7e194es0opt1_g54_r1,neorv32_uart,ctrl.irq_tx_empty,FP,stores,3,188,ctrl.irq_tx_empty  <= bus_req_i.data(ctrl_irq_tx_empty_c);,CLOCKED_BY clk_i,verified,C2,
assets_tuning18_m7e194es0opt1_g54_r2,neorv32_uart,ctrl.irq_tx_empty,FP,stores,3,188,ctrl.irq_tx_empty  <= bus_req_i.data(ctrl_irq_tx_empty_c);,CLOCKED_BY clk_i,verified,C2,
assets_tuning18_m7e194es0opt1_g54_r0,neorv32_uart,ctrl.irq_tx_nhalf,FP,stores,3,189,ctrl.irq_tx_nhalf  <= bus_req_i.data(ctrl_irq_tx_nhalf_c);,CLOCKED_BY clk_i,verified,C2,
assets_tuning18_m7e194es0opt1_g54_r1,neorv32_uart,ctrl.irq_tx_nhalf,FP,stores,3,189,ctrl.irq_tx_nhalf  <= bus_req_i.data(ctrl_irq_tx_nhalf_c);,CLOCKED_BY clk_i,verified,C2,
assets_tuning18_m7e194es0opt1_g54_r2,neorv32_uart,ctrl.irq_tx_nhalf,FP,stores,3,189,ctrl.irq_tx_nhalf  <= bus_req_i.data(ctrl_irq_tx_nhalf_c);,CLOCKED_BY clk_i,verified,C2,
assets_tuning18_m7e194es0opt1_g54_r0,neorv32_wdt,ctrl.strict,FP,stores,3,96,ctrl.strict  <= bus_req_i.data(ctrl_strict_c);,CLOCKED_BY clk_i,verified,C2,
assets_tuning18_m7e194es0opt1_g54_r1,neorv32_wdt,ctrl.strict,FP,stores,3,96,ctrl.strict  <= bus_req_i.data(ctrl_strict_c);,CLOCKED_BY clk_i,verified,C2,
assets_tuning18_m7e194es0opt1_g54_r2,neorv32_wdt,ctrl.strict,FP,stores,3,96,ctrl.strict  <= bus_req_i.data(ctrl_strict_c);,CLOCKED_BY clk_i,verified,C2,
assets_tuning18_m7e194es0opt1_g54_r0,neorv32_sys,en,FP,stores,3,129,en <= or_reduce_f(enable_i);,CLOCKED_BY clk_i,verified,C20,
assets_tuning18_m7e194es0opt1_g54_r1,neorv32_sys,en,FP,stores,3,129,en <= or_reduce_f(enable_i);,CLOCKED_BY clk_i,verified,C20,
assets_tuning18_m7e194es0opt1_g54_r2,neorv32_sys,en,FP,stores,3,129,en <= or_reduce_f(enable_i);,CLOCKED_BY clk_i,verified,C20,
assets_tuning18_m7e194es0opt1_g54_r0,neorv32_trng,sample_en,FP,stores,4,354,sample_en <= enable_i;,CLOCKED_BY clk_i,verified,C20,
assets_tuning18_m7e194es0opt1_g54_r1,neorv32_trng,sample_en,FP,stores,4,354,sample_en <= enable_i;,CLOCKED_BY clk_i,verified,C20,
assets_tuning18_m7e194es0opt1_g54_r2,neorv32_trng,sample_en,FP,stores,4,354,sample_en <= enable_i;,CLOCKED_BY clk_i,verified,C20,
assets_tuning18_m7e194es0opt1_g54_r0,neorv32_cpu,xcsr_res,FP,computes,3,279,xcsr_res <= xcsr_cnt or xcsr_alu or xcsr_pmp or xcsr_icc;,DERIVES_FROM xcsr_alu,verified,C21,
assets_tuning18_m7e194es0opt1_g54_r1,neorv32_cpu,xcsr_res,FP,computes,3,279,xcsr_res <= xcsr_cnt or xcsr_alu or xcsr_pmp or xcsr_icc;,DERIVES_FROM xcsr_alu,verified,C21,
assets_tuning18_m7e194es0opt1_g54_r2,neorv32_cpu,xcsr_res,FP,computes,3,279,xcsr_res <= xcsr_cnt or xcsr_alu or xcsr_pmp or xcsr_icc;,DERIVES_FROM xcsr_cnt,verified,C21,
assets_tuning18_m7e194es0opt1_g54_r2,neorv32_spi,rx_fifo.wdata,FP,sets,3,244,rx_fifo.wdata <= '0' & rtx_engine.sreg;,DERIVES_FROM rtx_engine.sreg,verified,C21,
assets_tuning18_m7e194es0opt1_g54_r0,neorv32_twi,fifo.rx_wdata,FP,computes,3,228,fifo.rx_wdata <= engine.sreg(0) & engine.sreg(8 downto 1);,DERIVES_FROM engine.sreg,verified,C21,
assets_tuning18_m7e194es0opt1_g54_r1,neorv32_twi,fifo.rx_wdata,FP,computes,3,228,fifo.rx_wdata <= engine.sreg(0) & engine.sreg(8 downto 1);,DERIVES_FROM engine.sreg,verified,C21,
assets_tuning18_m7e194es0opt1_g54_r0,neorv32_sys,xrstn_ocd_o,FP,exit port,3,73,xrstn_ocd_o <= rstn_dbg_i;,COPIES rstn_dbg_i,verified,C22,
assets_tuning18_m7e194es0opt1_g54_r1,neorv32_sys,xrstn_ocd_o,FP,exit port,3,73,xrstn_ocd_o <= rstn_dbg_i;,COPIES rstn_dbg_i,verified,C22,
assets_tuning18_m7e194es0opt1_g54_r2,neorv32_sys,xrstn_ocd_o,FP,exit port,3,73,xrstn_ocd_o <= rstn_dbg_i;,COPIES rstn_dbg_i,verified,C22,
assets_tuning18_m7e194es0opt1_g54_r0,neorv32_sys,xrstn_wdt_o,FP,exit port,3,72,xrstn_wdt_o <= rstn_wdt_i;,COPIES rstn_wdt_i,verified,C22,
assets_tuning18_m7e194es0opt1_g54_r1,neorv32_sys,xrstn_wdt_o,FP,exit port,3,72,xrstn_wdt_o <= rstn_wdt_i;,COPIES rstn_wdt_i,verified,C22,
assets_tuning18_m7e194es0opt1_g54_r2,neorv32_sys,xrstn_wdt_o,FP,exit port,3,72,xrstn_wdt_o <= rstn_wdt_i;,COPIES rstn_wdt_i,verified,C22,
assets_tuning18_m7e194es0opt1_g54_r0,neorv32_sys,sreg_ext,FP,stores,3,51,sreg_ext   <= sreg_ext(sreg_ext'left-1 downto 0) & '1';,CLOCKED_BY clk_i,verified,C23,
assets_tuning18_m7e194es0opt1_g54_r1,neorv32_sys,sreg_ext,FP,stores,3,51,sreg_ext   <= sreg_ext(sreg_ext'left-1 downto 0) & '1';,CLOCKED_BY clk_i,verified,C23,
assets_tuning18_m7e194es0opt1_g54_r2,neorv32_sys,sreg_ext,FP,stores,3,51,sreg_ext   <= sreg_ext(sreg_ext'left-1 downto 0) & '1';,CLOCKED_BY clk_i,verified,C23,
assets_tuning18_m7e194es0opt1_g54_r0,neorv32_sys,sreg_sys,FP,stores,4,57,sreg_sys <= sreg_sys(sreg_sys'left-1 downto 0) & '1';,CLOCKED_BY clk_i,verified,C23,
assets_tuning18_m7e194es0opt1_g54_r1,neorv32_sys,sreg_sys,FP,stores,4,57,sreg_sys <= sreg_sys(sreg_sys'left-1 downto 0) & '1';,CLOCKED_BY clk_i,verified,C23,
assets_tuning18_m7e194es0opt1_g54_r2,neorv32_sys,sreg_sys,FP,stores,4,57,sreg_sys <= sreg_sys(sreg_sys'left-1 downto 0) & '1';,CLOCKED_BY clk_i,verified,C23,
assets_tuning18_m7e194es0opt1_g54_r2,neorv32_bus,state_nxt,FP,computes,8,116,state_nxt <= S_BUSY_A;,SELECTED_BY state,verified,C24,
assets_tuning18_m7e194es0opt1_g54_r0,neorv32_cpu_pmp,allow,FP,computes,4,330,allow(r) <= pmpcfg(r)(cfg_r_c) or (not pmpcfg(r)(cfg_l_c));,GATED_BY ctrl_i.lsu_rw,verified,C24,
assets_tuning18_m7e194es0opt1_g54_r1,neorv32_cpu_pmp,allow,FP,computes,2,323,allow(r) <= pmpcfg(r)(cfg_x_c) or (not pmpcfg(r)(cfg_l_c));,GATED_BY pmpcfg,verified,C24,
assets_tuning18_m7e194es0opt1_g54_r2,neorv32_cpu_pmp,allow,FP,computes,2,323,allow(r) <= pmpcfg(r)(cfg_x_c) or (not pmpcfg(r)(cfg_l_c));,GATED_BY pmpcfg,verified,C24,
assets_tuning18_m7e194es0opt1_g54_r0,neorv32_cpu_cp_muldiv,ctrl_i,FP,sets,2,97,valid_cmd <= '1' when (ctrl_i.alu_cp_alu = '1') and (ctrl_i.ir_opcode(5) = '1') and,GATES valid_cmd,verified,C25,
assets_tuning18_m7e194es0opt1_g54_r1,neorv32_cpu_cp_muldiv,ctrl_i,FP,sets,2,97,valid_cmd <= '1' when (ctrl_i.alu_cp_alu = '1') and (ctrl_i.ir_opcode(5) = '1') and,GATES valid_cmd,verified,C25,
assets_tuning18_m7e194es0opt1_g54_r1,neorv32_debug_dtm,dmi_rsp_i,FP,sets,3,275,if (dmi_rsp_i.ack = '1') then,GATES dmi_ctrl.busy,verified,C25,
assets_tuning18_m7e194es0opt1_g54_r0,neorv32_cache,hit_o,FP,exit port,2,405,hit_o <= '1' when (valid_mem_rd = '1') and (tag_mem_rd = acc_tag) else '0';,CONSTRAINED_BY acc_tag,verified,C26,
assets_tuning18_m7e194es0opt1_g54_r1,neorv32_cache,hit_o,FP,exit port,2,405,hit_o <= '1' when (valid_mem_rd = '1') and (tag_mem_rd = acc_tag) else '0';,CONSTRAINED_BY acc_tag,verified,C26,
assets_tuning18_m7e194es0opt1_g54_r2,neorv32_cache,hit_o,FP,exit port,2,405,hit_o <= '1' when (valid_mem_rd = '1') and (tag_mem_rd = acc_tag) else '0';,CONSTRAINED_BY acc_tag,verified,C26,
assets_tuning18_m7e194es0opt1_g54_r0,neorv32_spi,rtx_engine.busy,FP,computes,4,340,"rtx_engine.busy <= '0' when (rtx_engine.state(1 downto 0) = ""00"") else '1';",GATED_BY rtx_engine.state,verified,C27,
assets_tuning18_m7e194es0opt1_g54_r1,neorv32_spi,rtx_engine.busy,FP,computes,4,340,"rtx_engine.busy <= '0' when (rtx_engine.state(1 downto 0) = ""00"") else '1';",GATED_BY rtx_engine.state,verified,C27,
assets_tuning18_m7e194es0opt1_g54_r2,neorv32_spi,rtx_engine.busy,FP,computes,4,340,"rtx_engine.busy <= '0' when (rtx_engine.state(1 downto 0) = ""00"") else '1';",GATED_BY rtx_engine.state,verified,C27,
assets_tuning18_m7e194es0opt1_g54_r0,neorv32_cpu_pmp,match,FP,computes,4,310,match(r) <= cmp_na(r);,DERIVES_FROM cmp_na,verified,C28,
assets_tuning18_m7e194es0opt1_g54_r1,neorv32_cpu_pmp,match,FP,computes,2,305,match(r) <= cmp_ge(r) and cmp_lt(r);,GATED_BY cmp_ge,verified,C28,
assets_tuning18_m7e194es0opt1_g54_r2,neorv32_cpu_pmp,match,FP,computes,4,310,match(r) <= cmp_na(r);,DERIVES_FROM cmp_na,verified,C28,
assets_tuning18_m7e194es0opt1_g54_r0,neorv32_cache,rdata_o,FP,exit port,2,425,rdata_o( 7 downto  0) <= data_mem_b0(to_integer(unsigned(acc_adr)));,DERIVES_FROM data_mem_b0,verified,C29,
assets_tuning18_m7e194es0opt1_g54_r1,neorv32_cache,rdata_o,FP,exit port,2,425,rdata_o( 7 downto  0) <= data_mem_b0(to_integer(unsigned(acc_adr)));,DERIVES_FROM data_mem_b0,verified,C29,
assets_tuning18_m7e194es0opt1_g54_r2,neorv32_cache,rdata_o,FP,exit port,2,425,rdata_o( 7 downto  0) <= data_mem_b0(to_integer(unsigned(acc_adr)));,DERIVES_FROM data_mem_b0,verified,C29,
assets_tuning18_m7e194es0opt1_g54_r0,neorv32_debug_dtm,dmi_ctrl.dmihardreset,FP,stores,4,249,dmi_ctrl.dmihardreset <= tap_reg.dtmcs(17);,CLOCKED_BY clk_i,verified,C3,
assets_tuning18_m7e194es0opt1_g54_r1,neorv32_debug_dtm,dmi_ctrl.dmihardreset,FP,stores,4,249,dmi_ctrl.dmihardreset <= tap_reg.dtmcs(17);,CLOCKED_BY clk_i,verified,C3,
assets_tuning18_m7e194es0opt1_g54_r2,neorv32_debug_dtm,dmi_ctrl.dmihardreset,FP,stores,4,249,dmi_ctrl.dmihardreset <= tap_reg.dtmcs(17);,CLOCKED_BY clk_i,verified,C3,
assets_tuning18_m7e194es0opt1_g54_r0,neorv32_debug_dtm,dmi_ctrl.dmireset,FP,stores,4,248,dmi_ctrl.dmireset     <= tap_reg.dtmcs(16);,CLOCKED_BY clk_i,verified,C3,
assets_tuning18_m7e194es0opt1_g54_r1,neorv32_debug_dtm,dmi_ctrl.dmireset,FP,stores,4,248,dmi_ctrl.dmireset     <= tap_reg.dtmcs(16);,CLOCKED_BY clk_i,verified,C3,
assets_tuning18_m7e194es0opt1_g54_r2,neorv32_debug_dtm,dmi_ctrl.dmireset,FP,stores,4,248,dmi_ctrl.dmireset     <= tap_reg.dtmcs(16);,CLOCKED_BY clk_i,verified,C3,
assets_tuning18_m7e194es0opt1_g54_r2,neorv32_debug_dtm,dr_trigger.sreg,FP,stores,3,152,dr_trigger.sreg(0) <= '1';,CLOCKED_BY clk_i,verified,C3,
assets_tuning18_m7e194es0opt1_g54_r0,neorv32_spi,rtx_engine.bitcnt,FP,stores,4,311,rtx_engine.bitcnt            <= std_ulogic_vector(unsigned(rtx_engine.bitcnt) + 1);,CLOCKED_BY clk_i,verified,C3,
assets_tuning18_m7e194es0opt1_g54_r1,neorv32_spi,rtx_engine.bitcnt,FP,stores,4,311,rtx_engine.bitcnt            <= std_ulogic_vector(unsigned(rtx_engine.bitcnt) + 1);,CLOCKED_BY clk_i,verified,C3,
assets_tuning18_m7e194es0opt1_g54_r0,neorv32_spi,rtx_engine.state,FP,stores,8,312,"rtx_engine.state(1 downto 0) <= ""11"";",CLOCKED_BY clk_i,verified,C3,
assets_tuning18_m7e194es0opt1_g54_r1,neorv32_spi,rtx_engine.state,FP,stores,6,293,"rtx_engine.state(1 downto 0) <= ""01"";",CLOCKED_BY clk_i,verified,C3,
assets_tuning18_m7e194es0opt1_g54_r2,neorv32_twi,clk_gen.phase_gen,FP,stores,5,283,clk_gen.phase_gen <= clk_gen.phase_gen(2 downto 0) & clk_gen.phase_gen(3);,CLOCKED_BY clk_i,verified,C3,
assets_tuning18_m7e194es0opt1_g54_r1,neorv32_twi,engine.bitcnt,FP,stores,5,382,engine.bitcnt <= std_ulogic_vector(unsigned(engine.bitcnt) + 1);,CLOCKED_BY clk_i,verified,C3,
assets_tuning18_m7e194es0opt1_g54_r0,neorv32_twi,engine.state,FP,stores,5,329,engine.state(1 downto 0) <= fifo.tx_rdata(dcmd_cmd_hi_c downto dcmd_cmd_lo_c);,CLOCKED_BY clk_i,verified,C3,
assets_tuning18_m7e194es0opt1_g54_r1,neorv32_twi,engine.state,FP,stores,5,329,engine.state(1 downto 0) <= fifo.tx_rdata(dcmd_cmd_hi_c downto dcmd_cmd_lo_c);,CLOCKED_BY clk_i,verified,C3,
assets_tuning18_m7e194es0opt1_g54_r2,neorv32_twi,engine.state,FP,stores,5,329,engine.state(1 downto 0) <= fifo.tx_rdata(dcmd_cmd_hi_c downto dcmd_cmd_lo_c);,CLOCKED_BY clk_i,verified,C3,
assets_tuning18_m7e194es0opt1_g54_r1,neorv32_uart,rx_engine.baudcnt,FP,stores,5,432,rx_engine.baudcnt <= ctrl.baud;,CLOCKED_BY clk_i,verified,C3,
assets_tuning18_m7e194es0opt1_g54_r1,neorv32_uart,rx_engine.bitcnt,FP,stores,4,433,rx_engine.bitcnt  <= std_ulogic_vector(unsigned(rx_engine.bitcnt) - 1);,CLOCKED_BY clk_i,verified,C3,
assets_tuning18_m7e194es0opt1_g54_r1,neorv32_uart,rx_engine.state,FP,stores,5,425,rx_engine.state(0) <= '1';,CLOCKED_BY clk_i,verified,C3,
assets_tuning18_m7e194es0opt1_g54_r1,neorv32_uart,rx_engine.sync,FP,stores,4,410,rx_engine.sync(1 downto 0) <= rx_engine.sync(2 downto 1);,CLOCKED_BY clk_i,verified,C3,
assets_tuning18_m7e194es0opt1_g54_r1,neorv32_uart,tx_engine.baudcnt,FP,stores,5,368,tx_engine.baudcnt <= ctrl.baud;,CLOCKED_BY clk_i,verified,C3,
assets_tuning18_m7e194es0opt1_g54_r1,neorv32_uart,tx_engine.bitcnt,FP,stores,4,369,tx_engine.bitcnt  <= std_ulogic_vector(unsigned(tx_engine.bitcnt) - 1);,CLOCKED_BY clk_i,verified,C3,
assets_tuning18_m7e194es0opt1_g54_r1,neorv32_uart,tx_engine.cts,FP,stores,3,337,tx_engine.cts <= tx_engine.cts(0) & uart_ctsn_i;,CLOCKED_BY clk_i,verified,C3,
assets_tuning18_m7e194es0opt1_g54_r1,neorv32_uart,tx_engine.state,FP,stores,6,353,"tx_engine.state(1 downto 0) <= ""01"";",CLOCKED_BY clk_i,verified,C3,
assets_tuning18_m7e194es0opt1_g54_r0,neorv32_wdt,cnt_started,FP,stores,4,130,cnt_started <= ctrl.enable and (cnt_started or prsc_tick);,CLOCKED_BY clk_i,verified,C3,
assets_tuning18_m7e194es0opt1_g54_r1,neorv32_wdt,cnt_started,FP,stores,4,130,cnt_started <= ctrl.enable and (cnt_started or prsc_tick);,CLOCKED_BY clk_i,verified,C3,
assets_tuning18_m7e194es0opt1_g54_r2,neorv32_wdt,cnt_started,FP,stores,4,130,cnt_started <= ctrl.enable and (cnt_started or prsc_tick);,CLOCKED_BY clk_i,verified,C3,
assets_tuning18_m7e194es0opt1_g54_r0,neorv32_sys,cnt,FP,stores,3,131,cnt <= std_ulogic_vector(unsigned(cnt) + 1);,CLOCKED_BY clk_i,verified,C30,
assets_tuning18_m7e194es0opt1_g54_r1,neorv32_sys,cnt,FP,stores,3,131,cnt <= std_ulogic_vector(unsigned(cnt) + 1);,CLOCKED_BY clk_i,verified,C30,
assets_tuning18_m7e194es0opt1_g54_r2,neorv32_sys,cnt,FP,stores,3,131,cnt <= std_ulogic_vector(unsigned(cnt) + 1);,CLOCKED_BY clk_i,verified,C30,
assets_tuning18_m7e194es0opt1_g54_r1,neorv32_sys,cnt2,FP,stores,3,135,cnt2 <= cnt;,CLOCKED_BY clk_i,verified,C31,
assets_tuning18_m7e194es0opt1_g54_r1,neorv32_uart,uart_clk,FP,computes,2,229,uart_clk    <= clkgen_i(to_integer(unsigned(ctrl.prsc)));,SELECTED_BY ctrl.prsc,verified,C32,
assets_tuning18_m7e194es0opt1_g54_r2,neorv32_spi,tx_fifo.rdata,FP,sets,2,207,"rdata_o => tx_fifo.rdata,",CONNECTS tx_fifo_inst.rdata_o,verified,C33,
assets_tuning18_m7e194es0opt1_g54_r1,neorv32_debug_dtm,dmi_req_o,FP,exit port,2,283,dmi_req_o.op   <= dmi_ctrl.op;,COPIES dmi_ctrl.op,verified,C34,
assets_tuning18_m7e194es0opt1_g54_r1,neorv32_cpu_cp_muldiv,mul.dsp_z,FP,computes,2,178,mul.dsp_z <= mul.dsp_x * mul.dsp_y;,DERIVES_FROM mul.dsp_x,verified,C35,
assets_tuning18_m7e194es0opt1_g54_r0,neorv32_cache,data_mem_b0,FP,stores,2,414,data_mem_b0(to_integer(unsigned(acc_adr))) <= wdata_i(7 downto 0);,CLOCKED_BY clk_i,verified,C4,
assets_tuning18_m7e194es0opt1_g54_r1,neorv32_cache,data_mem_b0,FP,stores,2,414,data_mem_b0(to_integer(unsigned(acc_adr))) <= wdata_i(7 downto 0);,CLOCKED_BY clk_i,verified,C4,
assets_tuning18_m7e194es0opt1_g54_r2,neorv32_cache,data_mem_b0,FP,stores,2,414,data_mem_b0(to_integer(unsigned(acc_adr))) <= wdata_i(7 downto 0);,CLOCKED_BY clk_i,verified,C4,
assets_tuning18_m7e194es0opt1_g54_r0,neorv32_cache,data_mem_b1,FP,stores,2,417,data_mem_b1(to_integer(unsigned(acc_adr))) <= wdata_i(15 downto 8);,CLOCKED_BY clk_i,verified,C4,
assets_tuning18_m7e194es0opt1_g54_r1,neorv32_cache,data_mem_b1,FP,stores,2,417,data_mem_b1(to_integer(unsigned(acc_adr))) <= wdata_i(15 downto 8);,CLOCKED_BY clk_i,verified,C4,
assets_tuning18_m7e194es0opt1_g54_r2,neorv32_cache,data_mem_b1,FP,stores,2,417,data_mem_b1(to_integer(unsigned(acc_adr))) <= wdata_i(15 downto 8);,CLOCKED_BY clk_i,verified,C4,
assets_tuning18_m7e194es0opt1_g54_r0,neorv32_cache,data_mem_b2,FP,stores,2,420,data_mem_b2(to_integer(unsigned(acc_adr))) <= wdata_i(23 downto 16);,CLOCKED_BY clk_i,verified,C4,
assets_tuning18_m7e194es0opt1_g54_r1,neorv32_cache,data_mem_b2,FP,stores,2,420,data_mem_b2(to_integer(unsigned(acc_adr))) <= wdata_i(23 downto 16);,CLOCKED_BY clk_i,verified,C4,
assets_tuning18_m7e194es0opt1_g54_r2,neorv32_cache,data_mem_b2,FP,stores,2,420,data_mem_b2(to_integer(unsigned(acc_adr))) <= wdata_i(23 downto 16);,CLOCKED_BY clk_i,verified,C4,
assets_tuning18_m7e194es0opt1_g54_r0,neorv32_cache,data_mem_b3,FP,stores,2,423,data_mem_b3(to_integer(unsigned(acc_adr))) <= wdata_i(31 downto 24);,CLOCKED_BY clk_i,verified,C4,
assets_tuning18_m7e194es0opt1_g54_r1,neorv32_cache,data_mem_b3,FP,stores,2,423,data_mem_b3(to_integer(unsigned(acc_adr))) <= wdata_i(31 downto 24);,CLOCKED_BY clk_i,verified,C4,
assets_tuning18_m7e194es0opt1_g54_r2,neorv32_cache,data_mem_b3,FP,stores,2,423,data_mem_b3(to_integer(unsigned(acc_adr))) <= wdata_i(31 downto 24);,CLOCKED_BY clk_i,verified,C4,
assets_tuning18_m7e194es0opt1_g54_r0,neorv32_cache,tag_mem,FP,stores,2,398,tag_mem(to_integer(unsigned(acc_idx))) <= acc_tag;,CLOCKED_BY clk_i,verified,C4,
assets_tuning18_m7e194es0opt1_g54_r1,neorv32_cache,tag_mem,FP,stores,2,398,tag_mem(to_integer(unsigned(acc_idx))) <= acc_tag;,CLOCKED_BY clk_i,verified,C4,
assets_tuning18_m7e194es0opt1_g54_r2,neorv32_cache,tag_mem,FP,stores,2,398,tag_mem(to_integer(unsigned(acc_idx))) <= acc_tag;,CLOCKED_BY clk_i,verified,C4,
assets_tuning18_m7e194es0opt1_g54_r0,neorv32_imem,mem_ram_b0,FP,sets,2,116,mem_ram_b0(to_integer(addr)) <= bus_req_i.data(7 downto 0);,DERIVES_FROM bus_req_i.data,verified,C4,
assets_tuning18_m7e194es0opt1_g54_r1,neorv32_imem,mem_ram_b0,FP,stores,2,116,mem_ram_b0(to_integer(addr)) <= bus_req_i.data(7 downto 0);,CLOCKED_BY clk_i,verified,C4,
assets_tuning18_m7e194es0opt1_g54_r2,neorv32_imem,mem_ram_b0,FP,stores,2,116,mem_ram_b0(to_integer(addr)) <= bus_req_i.data(7 downto 0);,CLOCKED_BY clk_i,verified,C4,
assets_tuning18_m7e194es0opt1_g54_r0,neorv32_imem,mem_ram_b1,FP,sets,2,119,mem_ram_b1(to_integer(addr)) <= bus_req_i.data(15 downto 8);,DERIVES_FROM bus_req_i.data,verified,C4,
assets_tuning18_m7e194es0opt1_g54_r1,neorv32_imem,mem_ram_b1,FP,stores,2,119,mem_ram_b1(to_integer(addr)) <= bus_req_i.data(15 downto 8);,CLOCKED_BY clk_i,verified,C4,
assets_tuning18_m7e194es0opt1_g54_r2,neorv32_imem,mem_ram_b1,FP,stores,2,119,mem_ram_b1(to_integer(addr)) <= bus_req_i.data(15 downto 8);,CLOCKED_BY clk_i,verified,C4,
assets_tuning18_m7e194es0opt1_g54_r0,neorv32_imem,mem_ram_b2,FP,sets,2,122,mem_ram_b2(to_integer(addr)) <= bus_req_i.data(23 downto 16);,DERIVES_FROM bus_req_i.data,verified,C4,
assets_tuning18_m7e194es0opt1_g54_r1,neorv32_imem,mem_ram_b2,FP,stores,2,122,mem_ram_b2(to_integer(addr)) <= bus_req_i.data(23 downto 16);,CLOCKED_BY clk_i,verified,C4,
assets_tuning18_m7e194es0opt1_g54_r2,neorv32_imem,mem_ram_b2,FP,stores,2,122,mem_ram_b2(to_integer(addr)) <= bus_req_i.data(23 downto 16);,CLOCKED_BY clk_i,verified,C4,
assets_tuning18_m7e194es0opt1_g54_r0,neorv32_imem,mem_ram_b3,FP,sets,2,125,mem_ram_b3(to_integer(addr)) <= bus_req_i.data(31 downto 24);,DERIVES_FROM bus_req_i.data,verified,C4,
assets_tuning18_m7e194es0opt1_g54_r1,neorv32_imem,mem_ram_b3,FP,stores,2,125,mem_ram_b3(to_integer(addr)) <= bus_req_i.data(31 downto 24);,CLOCKED_BY clk_i,verified,C4,
assets_tuning18_m7e194es0opt1_g54_r2,neorv32_imem,mem_ram_b3,FP,stores,2,125,mem_ram_b3(to_integer(addr)) <= bus_req_i.data(31 downto 24);,CLOCKED_BY clk_i,verified,C4,
assets_tuning18_m7e194es0opt1_g54_r0,neorv32_bus,sc_fail,FP,stores,3,957,sc_fail <= rvso and core_req_i.stb and core_req_i.rw and (not state(1));,CLOCKED_BY clk_i,verified,C5,
assets_tuning18_m7e194es0opt1_g54_r1,neorv32_bus,sc_fail,FP,stores,3,957,sc_fail <= rvso and core_req_i.stb and core_req_i.rw and (not state(1));,CLOCKED_BY clk_i,verified,C5,
assets_tuning18_m7e194es0opt1_g54_r2,neorv32_bus,sc_fail,FP,stores,3,957,sc_fail <= rvso and core_req_i.stb and core_req_i.rw and (not state(1));,CLOCKED_BY clk_i,verified,C5,
assets_tuning18_m7e194es0opt1_g54_r0,neorv32_trng,sample_cnt,FP,stores,6,359,sample_cnt  <= std_ulogic_vector(unsigned(sample_cnt) + 1);,CLOCKED_BY clk_i,verified,C5,
assets_tuning18_m7e194es0opt1_g54_r1,neorv32_trng,sample_cnt,FP,stores,6,359,sample_cnt  <= std_ulogic_vector(unsigned(sample_cnt) + 1);,CLOCKED_BY clk_i,verified,C5,
assets_tuning18_m7e194es0opt1_g54_r2,neorv32_trng,sample_cnt,FP,stores,6,359,sample_cnt  <= std_ulogic_vector(unsigned(sample_cnt) + 1);,CLOCKED_BY clk_i,verified,C5,
assets_tuning18_m7e194es0opt1_g54_r0,neorv32_twi,io_con.scl_out,FP,stores,4,341,io_con.scl_out <= '1';,CLOCKED_BY clk_i,verified,C5,
assets_tuning18_m7e194es0opt1_g54_r1,neorv32_twi,io_con.scl_out,FP,stores,8,366,io_con.scl_out <= '0';,CLOCKED_BY clk_i,verified,C5,
assets_tuning18_m7e194es0opt1_g54_r2,neorv32_twi,io_con.scl_out,FP,stores,9,368,io_con.scl_out <= '1';,CLOCKED_BY clk_i,verified,C5,
assets_tuning18_m7e194es0opt1_g54_r0,neorv32_uart,rx_engine.over,FP,stores,5,461,rx_engine.over <= '1';,CLOCKED_BY clk_i,verified,C5,
assets_tuning18_m7e194es0opt1_g54_r1,neorv32_uart,rx_engine.over,FP,stores,5,461,rx_engine.over <= '1';,CLOCKED_BY clk_i,verified,C5,
assets_tuning18_m7e194es0opt1_g54_r2,neorv32_uart,rx_engine.over,FP,stores,5,461,rx_engine.over <= '1';,CLOCKED_BY clk_i,verified,C5,
assets_tuning18_m7e194es0opt1_g54_r0,neorv32_wdt,hw_rst_access,FP,stores,3,156,hw_rst_access  <= ctrl.enable and ctrl.strict and reset_force;,CLOCKED_BY clk_i,verified,C5,
assets_tuning18_m7e194es0opt1_g54_r1,neorv32_wdt,hw_rst_access,FP,stores,3,156,hw_rst_access  <= ctrl.enable and ctrl.strict and reset_force;,CLOCKED_BY clk_i,verified,C5,
assets_tuning18_m7e194es0opt1_g54_r2,neorv32_wdt,hw_rst_access,FP,stores,3,156,hw_rst_access  <= ctrl.enable and ctrl.strict and reset_force;,CLOCKED_BY clk_i,verified,C5,
assets_tuning18_m7e194es0opt1_g54_r0,neorv32_wdt,hw_rst_timeout,FP,stores,3,155,hw_rst_timeout <= ctrl.enable and cnt_timeout and prsc_tick;,CLOCKED_BY clk_i,verified,C5,
assets_tuning18_m7e194es0opt1_g54_r1,neorv32_wdt,hw_rst_timeout,FP,stores,3,155,hw_rst_timeout <= ctrl.enable and cnt_timeout and prsc_tick;,CLOCKED_BY clk_i,verified,C5,
assets_tuning18_m7e194es0opt1_g54_r2,neorv32_wdt,hw_rst_timeout,FP,stores,3,155,hw_rst_timeout <= ctrl.enable and cnt_timeout and prsc_tick;,CLOCKED_BY clk_i,verified,C5,
assets_tuning18_m7e194es0opt1_g54_r0,neorv32_bus,arbiter_nxt.state,FP,computes,2,780,arbiter_nxt.state <= S_READ_WAIT;,SELECTED_BY arbiter.state,verified,C6,
assets_tuning18_m7e194es0opt1_g54_r1,neorv32_bus,arbiter_nxt.state,FP,computes,2,780,arbiter_nxt.state <= S_READ_WAIT;,SELECTED_BY arbiter.state,verified,C6,
assets_tuning18_m7e194es0opt1_g54_r2,neorv32_bus,arbiter_nxt.state,FP,computes,2,780,arbiter_nxt.state <= S_READ_WAIT;,SELECTED_BY arbiter.state,verified,C6,
assets_tuning18_m7e194es0opt1_g54_r0,neorv32_cache,ctrl_nxt.buf_dir,FP,computes,3,173,ctrl_nxt.buf_dir <= '1';,GATED_BY host_req_i.addr,verified,C6,
assets_tuning18_m7e194es0opt1_g54_r1,neorv32_cache,ctrl_nxt.buf_dir,FP,computes,3,173,ctrl_nxt.buf_dir <= '1';,GATED_BY host_req_i.addr,verified,C6,
assets_tuning18_m7e194es0opt1_g54_r2,neorv32_cache,ctrl_nxt.buf_dir,FP,computes,3,173,ctrl_nxt.buf_dir <= '1';,GATED_BY host_req_i.addr,verified,C6,
assets_tuning18_m7e194es0opt1_g54_r0,neorv32_cache,ctrl_nxt.buf_err,FP,computes,4,242,ctrl_nxt.buf_err <= ctrl.buf_err or bus_rsp_i.err;,GATED_BY bus_rsp_i.err,verified,C6,
assets_tuning18_m7e194es0opt1_g54_r1,neorv32_cache,ctrl_nxt.buf_err,FP,computes,4,242,ctrl_nxt.buf_err <= ctrl.buf_err or bus_rsp_i.err;,GATED_BY bus_rsp_i.err,verified,C6,
assets_tuning18_m7e194es0opt1_g54_r2,neorv32_cache,ctrl_nxt.buf_err,FP,computes,4,242,ctrl_nxt.buf_err <= ctrl.buf_err or bus_rsp_i.err;,GATED_BY bus_rsp_i.err,verified,C6,
assets_tuning18_m7e194es0opt1_g54_r1,neorv32_cache,ctrl_nxt.buf_req,FP,computes,2,137,ctrl_nxt.buf_req  <= ctrl.buf_req or host_req_i.stb;,GATED_BY host_req_i.stb,verified,C6,
assets_tuning18_m7e194es0opt1_g54_r2,neorv32_cache,ctrl_nxt.buf_req,FP,computes,2,137,ctrl_nxt.buf_req  <= ctrl.buf_req or host_req_i.stb;,GATED_BY host_req_i.stb,verified,C6,
assets_tuning18_m7e194es0opt1_g54_r1,neorv32_cache,ctrl_nxt.buf_sync,FP,computes,2,138,ctrl_nxt.buf_sync <= ctrl.buf_sync or host_req_i.fence;,GATED_BY host_req_i.fence,verified,C6,
assets_tuning18_m7e194es0opt1_g54_r2,neorv32_cache,ctrl_nxt.buf_sync,FP,computes,2,138,ctrl_nxt.buf_sync <= ctrl.buf_sync or host_req_i.fence;,GATED_BY host_req_i.fence,verified,C6,
assets_tuning18_m7e194es0opt1_g54_r0,neorv32_cache,ctrl_nxt.ofs,FP,computes,4,244,ctrl_nxt.ofs <= std_ulogic_vector(unsigned(ctrl.ofs) + 1);,DERIVES_FROM ctrl.ofs,verified,C6,
assets_tuning18_m7e194es0opt1_g54_r1,neorv32_cache,ctrl_nxt.ofs,FP,computes,4,244,ctrl_nxt.ofs <= std_ulogic_vector(unsigned(ctrl.ofs) + 1);,DERIVES_FROM ctrl.ofs,verified,C6,
assets_tuning18_m7e194es0opt1_g54_r2,neorv32_cache,ctrl_nxt.ofs,FP,computes,4,244,ctrl_nxt.ofs <= std_ulogic_vector(unsigned(ctrl.ofs) + 1);,DERIVES_FROM ctrl.ofs,verified,C6,
assets_tuning18_m7e194es0opt1_g54_r1,neorv32_cache,ctrl_nxt.state,FP,computes,3,169,ctrl_nxt.state <= S_CLEAR;,SELECTED_BY ctrl.state,verified,C6,
assets_tuning18_m7e194es0opt1_g54_r2,neorv32_cache,ctrl_nxt.state,FP,computes,3,169,ctrl_nxt.state <= S_CLEAR;,SELECTED_BY ctrl.state,verified,C6,
assets_tuning18_m7e194es0opt1_g54_r1,neorv32_bus,rvso,FP,computes,4,935,"rvso <= '1' when (core_req_i.amo = '1') and (core_req_i.amoop(3 downto 2) = ""10"") else '0';",GATED_BY core_req_i.amo,verified,C7,
assets_tuning18_m7e194es0opt1_g54_r2,neorv32_bus,rvso,FP,computes,4,935,"rvso <= '1' when (core_req_i.amo = '1') and (core_req_i.amoop(3 downto 2) = ""10"") else '0';",GATED_BY core_req_i.amo,verified,C7,
assets_tuning18_m7e194es0opt1_g54_r0,neorv32_cpu_cp_muldiv,valid_cmd,FP,computes,2,97,valid_cmd <= '1' when (ctrl_i.alu_cp_alu = '1') and (ctrl_i.ir_opcode(5) = '1') and,GATED_BY ctrl_i.ir_funct3,verified,C7,
assets_tuning18_m7e194es0opt1_g54_r1,neorv32_cpu_cp_muldiv,valid_cmd,FP,computes,2,97,valid_cmd <= '1' when (ctrl_i.alu_cp_alu = '1') and (ctrl_i.ir_opcode(5) = '1') and,GATED_BY ctrl_i.alu_cp_alu,verified,C7,
assets_tuning18_m7e194es0opt1_g54_r2,neorv32_cpu_cp_muldiv,valid_cmd,FP,computes,2,97,valid_cmd <= '1' when (ctrl_i.alu_cp_alu = '1') and (ctrl_i.ir_opcode(5) = '1') and,GATED_BY ctrl_i.ir_funct3,verified,C7,
assets_tuning18_m7e194es0opt1_g54_r0,neorv32_cpu_pmp,acc_addr,FP,computes,2,244,acc_addr <= ctrl_i.pc_nxt   when (ctrl_i.lsu_mo_we = '0') else addr_ls_i;,DERIVES_FROM addr_ls_i,verified,C7,
assets_tuning18_m7e194es0opt1_g54_r1,neorv32_cpu_pmp,acc_addr,FP,computes,2,244,acc_addr <= ctrl_i.pc_nxt   when (ctrl_i.lsu_mo_we = '0') else addr_ls_i;,DERIVES_FROM addr_ls_i,verified,C7,
assets_tuning18_m7e194es0opt1_g54_r2,neorv32_cpu_pmp,acc_addr,FP,computes,2,244,acc_addr <= ctrl_i.pc_nxt   when (ctrl_i.lsu_mo_we = '0') else addr_ls_i;,GATED_BY ctrl_i.lsu_mo_we,verified,C7,
assets_tuning18_m7e194es0opt1_g54_r0,neorv32_cpu_pmp,acc_priv,FP,computes,2,245,acc_priv <= ctrl_i.cpu_priv when (ctrl_i.lsu_mo_we = '0') else ctrl_i.lsu_priv;,DERIVES_FROM ctrl_i.cpu_priv,verified,C7,
assets_tuning18_m7e194es0opt1_g54_r1,neorv32_cpu_pmp,acc_priv,FP,computes,2,245,acc_priv <= ctrl_i.cpu_priv when (ctrl_i.lsu_mo_we = '0') else ctrl_i.lsu_priv;,DERIVES_FROM ctrl_i.cpu_priv,verified,C7,
assets_tuning18_m7e194es0opt1_g54_r2,neorv32_cpu_pmp,acc_priv,FP,computes,2,245,acc_priv <= ctrl_i.cpu_priv when (ctrl_i.lsu_mo_we = '0') else ctrl_i.lsu_priv;,GATED_BY ctrl_i.lsu_mo_we,verified,C7,
assets_tuning18_m7e194es0opt1_g54_r0,neorv32_cpu_pmp,pmpaddr_we,FP,computes,3,158,pmpaddr_we(to_integer(unsigned(ctrl_i.csr_addr(3 downto 0)))) <= '1';,SELECTED_BY ctrl_i.csr_addr,verified,C7,
assets_tuning18_m7e194es0opt1_g54_r1,neorv32_cpu_pmp,pmpaddr_we,FP,computes,3,158,pmpaddr_we(to_integer(unsigned(ctrl_i.csr_addr(3 downto 0)))) <= '1';,SELECTED_BY ctrl_i.csr_addr,verified,C7,
assets_tuning18_m7e194es0opt1_g54_r2,neorv32_cpu_pmp,pmpaddr_we,FP,computes,3,158,pmpaddr_we(to_integer(unsigned(ctrl_i.csr_addr(3 downto 0)))) <= '1';,SELECTED_BY ctrl_i.csr_addr,verified,C7,
assets_tuning18_m7e194es0opt1_g54_r0,neorv32_cpu_pmp,pmpcfg_we,FP,computes,3,114,pmpcfg_we(to_integer(unsigned(ctrl_i.csr_addr(1 downto 0)))) <= '1';,SELECTED_BY ctrl_i.csr_addr,verified,C7,
assets_tuning18_m7e194es0opt1_g54_r1,neorv32_cpu_pmp,pmpcfg_we,FP,computes,3,114,pmpcfg_we(to_integer(unsigned(ctrl_i.csr_addr(1 downto 0)))) <= '1';,SELECTED_BY ctrl_i.csr_addr,verified,C7,
assets_tuning18_m7e194es0opt1_g54_r2,neorv32_cpu_pmp,pmpcfg_we,FP,computes,3,114,pmpcfg_we(to_integer(unsigned(ctrl_i.csr_addr(1 downto 0)))) <= '1';,SELECTED_BY ctrl_i.csr_addr,verified,C7,
assets_tuning18_m7e194es0opt1_g54_r0,neorv32_cache,valid_mem,FP,stores,5,385,valid_mem(to_integer(unsigned(acc_idx))) <= '1';,CLOCKED_BY clk_i,verified,C8,
assets_tuning18_m7e194es0opt1_g54_r1,neorv32_cache,valid_mem,FP,stores,3,381,valid_mem <= (others => '0');,CLOCKED_BY clk_i,verified,C8,
assets_tuning18_m7e194es0opt1_g54_r2,neorv32_cache,valid_mem,FP,stores,5,385,valid_mem(to_integer(unsigned(acc_idx))) <= '1';,CLOCKED_BY clk_i,verified,C8,
assets_tuning18_m7e194es0opt1_g54_r0,neorv32_cpu_cp_muldiv,ctrl.out_en,FP,stores,4,137,ctrl.out_en <= '1';,CLOCKED_BY clk_i,verified,C8,
assets_tuning18_m7e194es0opt1_g54_r1,neorv32_cpu_cp_muldiv,ctrl.out_en,FP,stores,4,137,ctrl.out_en <= '1';,CLOCKED_BY clk_i,verified,C8,
assets_tuning18_m7e194es0opt1_g54_r2,neorv32_cpu_cp_muldiv,ctrl.out_en,FP,stores,4,137,ctrl.out_en <= '1';,CLOCKED_BY clk_i,verified,C8,
assets_tuning18_m7e194es0opt1_g54_r1,neorv32_cpu_cp_muldiv,div.rs2_abs,FP,stores,4,272,div.rs2_abs <= rs2_i;,CLOCKED_BY clk_i,verified,C8,
assets_tuning18_m7e194es0opt1_g54_r0,neorv32_debug_dtm,dmi_ctrl.err,FP,stores,5,259,dmi_ctrl.err <= '1';,CLOCKED_BY clk_i,verified,C8,
assets_tuning18_m7e194es0opt1_g54_r1,neorv32_debug_dtm,dmi_ctrl.err,FP,stores,5,259,dmi_ctrl.err <= '1';,CLOCKED_BY clk_i,verified,C8,
assets_tuning18_m7e194es0opt1_g54_r2,neorv32_debug_dtm,dmi_ctrl.err,FP,stores,5,259,dmi_ctrl.err <= '1';,CLOCKED_BY clk_i,verified,C8,
assets_tuning18_m7e194es0opt1_g54_r0,neorv32_debug_dtm,dmi_ctrl.rdata,FP,stores,4,274,dmi_ctrl.rdata <= dmi_rsp_i.data;,CLOCKED_BY clk_i,verified,C8,
assets_tuning18_m7e194es0opt1_g54_r1,neorv32_debug_dtm,dmi_ctrl.rdata,FP,stores,4,274,dmi_ctrl.rdata <= dmi_rsp_i.data;,CLOCKED_BY clk_i,verified,C8,
assets_tuning18_m7e194es0opt1_g54_r2,neorv32_debug_dtm,dmi_ctrl.rdata,FP,stores,4,274,dmi_ctrl.rdata <= dmi_rsp_i.data;,CLOCKED_BY clk_i,verified,C8,
assets_tuning18_m7e194es0opt1_g54_r0,neorv32_spi,rtx_engine.done,FP,computes,5,321,rtx_engine.done              <= '1';,GATED_BY rtx_engine.bitcnt,verified,C8,
assets_tuning18_m7e194es0opt1_g54_r1,neorv32_spi,rtx_engine.done,FP,computes,5,321,rtx_engine.done              <= '1';,SELECTED_BY rtx_engine.state,verified,C8,
assets_tuning18_m7e194es0opt1_g54_r1,neorv32_cache,ctrl.buf_dir,FP,stores,2,121,ctrl.buf_dir  <= '0';,,map gap claimed,C9,
assets_tuning18_m7e194es0opt1_g54_r2,neorv32_cache,ctrl.buf_dir,FP,stores,2,121,ctrl.buf_dir  <= '0';,,map gap claimed,C9,
assets_tuning18_m7e194es0opt1_g54_r1,neorv32_cache,ctrl.buf_err,FP,stores,2,120,ctrl.buf_err  <= '0';,,map gap claimed,C9,
assets_tuning18_m7e194es0opt1_g54_r2,neorv32_cache,ctrl.buf_err,FP,stores,2,120,ctrl.buf_err  <= '0';,,map gap claimed,C9,
assets_tuning18_m7e194es0opt1_g54_r1,neorv32_cache,ctrl.buf_req,FP,stores,2,118,ctrl.buf_req  <= '0';,,map gap claimed,C9,
assets_tuning18_m7e194es0opt1_g54_r2,neorv32_cache,ctrl.buf_req,FP,stores,2,118,ctrl.buf_req  <= '0';,,map gap claimed,C9,
assets_tuning18_m7e194es0opt1_g54_r1,neorv32_cache,ctrl.idx,FP,stores,2,123,ctrl.idx      <= (others => '0');,,map gap claimed,C9,
assets_tuning18_m7e194es0opt1_g54_r2,neorv32_cache,ctrl.idx,FP,stores,2,123,ctrl.idx      <= (others => '0');,,map gap claimed,C9,
assets_tuning18_m7e194es0opt1_g54_r1,neorv32_cache,ctrl.ofs,FP,stores,2,124,ctrl.ofs      <= (others => '0');,,map gap claimed,C9,
assets_tuning18_m7e194es0opt1_g54_r2,neorv32_cache,ctrl.ofs,FP,stores,2,124,ctrl.ofs      <= (others => '0');,,map gap claimed,C9,
assets_tuning18_m7e194es0opt1_g54_r1,neorv32_cache,ctrl.state,FP,stores,2,117,ctrl.state    <= S_IDLE;,,map gap claimed,C9,
assets_tuning18_m7e194es0opt1_g54_r2,neorv32_cache,ctrl.state,FP,stores,2,117,ctrl.state    <= S_IDLE;,,map gap claimed,C9,
assets_tuning18_m7e194es0opt1_g54_r1,neorv32_cache,ctrl.tag,FP,stores,2,122,ctrl.tag      <= (others => '0');,,map gap claimed,C9,
assets_tuning18_m7e194es0opt1_g54_r2,neorv32_cache,ctrl.tag,FP,stores,2,122,ctrl.tag      <= (others => '0');,,map gap claimed,C9,
assets_tuning18_m7e194es0opt1_g54_r0,neorv32_bus,alu_res,TP,stores,9,844,when others => alu_res <= cmp_res;,CLOCKED_BY clk_i,verified,C1,
assets_tuning18_m7e194es0opt1_g54_r1,neorv32_bus,alu_res,TP,stores,5,840,"when ""001""  => alu_res <= std_ulogic_vector(unsigned(arbiter.rdata) + unsigned(arbiter.wdata));",CLOCKED_BY clk_i,verified,C1,
assets_tuning18_m7e194es0opt1_g54_r2,neorv32_bus,alu_res,TP,stores,5,840,"when ""001""  => alu_res <= std_ulogic_vector(unsigned(arbiter.rdata) + unsigned(arbiter.wdata));",CLOCKED_BY clk_i,verified,C1,
assets_tuning18_m7e194es0opt1_g54_r0,neorv32_cpu_cp_muldiv,mul.prod,TP,stores,2,184,mul.prod <= std_ulogic_vector(mul.dsp_z(63 downto 0));,CLOCKED_BY clk_i,verified,C1,
assets_tuning18_m7e194es0opt1_g54_r1,neorv32_cpu_cp_muldiv,mul.prod,TP,stores,2,184,mul.prod <= std_ulogic_vector(mul.dsp_z(63 downto 0));,CLOCKED_BY clk_i,verified,C1,
assets_tuning18_m7e194es0opt1_g54_r2,neorv32_cpu_cp_muldiv,mul.prod,TP,stores,2,184,mul.prod <= std_ulogic_vector(mul.dsp_z(63 downto 0));,CLOCKED_BY clk_i,verified,C1,
assets_tuning18_m7e194es0opt1_g54_r0,neorv32_debug_dtm,tap_reg.dtmcs,TP,stores,4,195,when addr_dtmcs_c  => tap_reg.dtmcs  <= tap_sync.tdi & tap_reg.dtmcs(tap_reg.dtmcs'left downto 1);,CLOCKED_BY clk_i,verified,C1,
assets_tuning18_m7e194es0opt1_g54_r1,neorv32_debug_dtm,tap_reg.dtmcs,TP,stores,4,195,when addr_dtmcs_c  => tap_reg.dtmcs  <= tap_sync.tdi & tap_reg.dtmcs(tap_reg.dtmcs'left downto 1);,CLOCKED_BY clk_i,verified,C1,
assets_tuning18_m7e194es0opt1_g54_r2,neorv32_debug_dtm,tap_reg.dtmcs,TP,stores,4,195,when addr_dtmcs_c  => tap_reg.dtmcs  <= tap_sync.tdi & tap_reg.dtmcs(tap_reg.dtmcs'left downto 1);,CLOCKED_BY clk_i,verified,C1,
assets_tuning18_m7e194es0opt1_g54_r2,neorv32_cache,we_i,TP,sets,2,413,if (we_i(0) = '1') then,GATES data_mem_b0,verified,C10,
assets_tuning18_m7e194es0opt1_g54_r0,neorv32_cpu_cp_cfu,start_i,TP,sets,2,204,if (start_i = '1') and (rtype_i = r3type_c) then,GATES xtea.done,verified,C10,
assets_tuning18_m7e194es0opt1_g54_r1,neorv32_cpu_cp_cfu,start_i,TP,sets,2,204,if (start_i = '1') and (rtype_i = r3type_c) then,GATES xtea.done,verified,C10,
assets_tuning18_m7e194es0opt1_g54_r2,neorv32_cpu_cp_cfu,start_i,TP,sets,2,204,if (start_i = '1') and (rtype_i = r3type_c) then,GATES xtea.done,verified,C10,
assets_tuning18_m7e194es0opt1_g54_r0,neorv32_spi,clkgen_en_o,TP,exit port,2,383,clkgen_en_o <= ctrl.enable;,COPIES ctrl.enable,verified,C12,
assets_tuning18_m7e194es0opt1_g54_r1,neorv32_spi,clkgen_en_o,TP,exit port,2,383,clkgen_en_o <= ctrl.enable;,COPIES ctrl.enable,verified,C12,
assets_tuning18_m7e194es0opt1_g54_r2,neorv32_spi,clkgen_en_o,TP,exit port,2,383,clkgen_en_o <= ctrl.enable;,COPIES ctrl.enable,verified,C12,
assets_tuning18_m7e194es0opt1_g54_r0,neorv32_spi,spi_dat_o,TP,exit port,2,343,spi_dat_o <= rtx_engine.sreg(7);,DERIVES_FROM rtx_engine.sreg,verified,C12,
assets_tuning18_m7e194es0opt1_g54_r1,neorv32_spi,spi_dat_o,TP,exit port,2,343,spi_dat_o <= rtx_engine.sreg(7);,DERIVES_FROM rtx_engine.sreg,verified,C12,
assets_tuning18_m7e194es0opt1_g54_r2,neorv32_spi,spi_dat_o,TP,exit port,2,343,spi_dat_o <= rtx_engine.sreg(7);,DERIVES_FROM rtx_engine.sreg,verified,C12,
assets_tuning18_m7e194es0opt1_g54_r0,neorv32_trng,data_o,TP,exit port,2,366,data_o  <= sample_sreg;,COPIES sample_sreg,verified,C12,
assets_tuning18_m7e194es0opt1_g54_r1,neorv32_trng,data_o,TP,exit port,2,366,data_o  <= sample_sreg;,COPIES sample_sreg,verified,C12,
assets_tuning18_m7e194es0opt1_g54_r2,neorv32_trng,data_o,TP,exit port,2,366,data_o  <= sample_sreg;,COPIES sample_sreg,verified,C12,
assets_tuning18_m7e194es0opt1_g54_r0,neorv32_trng,valid_o,TP,exit port,2,367,valid_o <= sample_cnt(sample_cnt'left);,DERIVES_FROM sample_cnt,verified,C12,
assets_tuning18_m7e194es0opt1_g54_r1,neorv32_trng,valid_o,TP,exit port,2,367,valid_o <= sample_cnt(sample_cnt'left);,DERIVES_FROM sample_cnt,verified,C12,
assets_tuning18_m7e194es0opt1_g54_r2,neorv32_trng,valid_o,TP,exit port,2,367,valid_o <= sample_cnt(sample_cnt'left);,DERIVES_FROM sample_cnt,verified,C12,
assets_tuning18_m7e194es0opt1_g54_r0,neorv32_twi,twi_sda_o,TP,exit port,2,406,twi_sda_o     <= io_con.sda_out;,COPIES io_con.sda_out,verified,C12,
assets_tuning18_m7e194es0opt1_g54_r1,neorv32_twi,twi_sda_o,TP,exit port,2,406,twi_sda_o     <= io_con.sda_out;,COPIES io_con.sda_out,verified,C12,
assets_tuning18_m7e194es0opt1_g54_r2,neorv32_twi,twi_sda_o,TP,exit port,2,406,twi_sda_o     <= io_con.sda_out;,COPIES io_con.sda_out,verified,C12,
assets_tuning18_m7e194es0opt1_g54_r0,neorv32_uart,clkgen_en_o,TP,exit port,2,228,clkgen_en_o <= ctrl.enable;,COPIES ctrl.enable,verified,C12,
assets_tuning18_m7e194es0opt1_g54_r1,neorv32_uart,clkgen_en_o,TP,exit port,2,228,clkgen_en_o <= ctrl.enable;,COPIES ctrl.enable,verified,C12,
assets_tuning18_m7e194es0opt1_g54_r2,neorv32_uart,clkgen_en_o,TP,exit port,2,228,clkgen_en_o <= ctrl.enable;,COPIES ctrl.enable,verified,C12,
assets_tuning18_m7e194es0opt1_g54_r0,neorv32_uart,uart_txd_o,TP,exit port,2,392,uart_txd_o <= tx_engine.txd;,COPIES tx_engine.txd,verified,C12,
assets_tuning18_m7e194es0opt1_g54_r1,neorv32_uart,uart_txd_o,TP,exit port,2,392,uart_txd_o <= tx_engine.txd;,COPIES tx_engine.txd,verified,C12,
assets_tuning18_m7e194es0opt1_g54_r2,neorv32_uart,uart_txd_o,TP,exit port,2,392,uart_txd_o <= tx_engine.txd;,COPIES tx_engine.txd,verified,C12,
assets_tuning18_m7e194es0opt1_g54_r0,neorv32_wdt,clkgen_en_o,TP,exit port,2,140,clkgen_en_o <= ctrl.enable;,COPIES ctrl.enable,verified,C12,
assets_tuning18_m7e194es0opt1_g54_r1,neorv32_wdt,clkgen_en_o,TP,exit port,2,140,clkgen_en_o <= ctrl.enable;,COPIES ctrl.enable,verified,C12,
assets_tuning18_m7e194es0opt1_g54_r2,neorv32_wdt,clkgen_en_o,TP,exit port,2,140,clkgen_en_o <= ctrl.enable;,COPIES ctrl.enable,verified,C12,
assets_tuning18_m7e194es0opt1_g54_r1,neorv32_bus,a_req,TP,stores,4,61,a_req <= a_req or a_req_i.stb;,CLOCKED_BY clk_i,verified,C13,
assets_tuning18_m7e194es0opt1_g54_r2,neorv32_bus,a_req,TP,stores,4,61,a_req <= a_req or a_req_i.stb;,CLOCKED_BY clk_i,verified,C13,
assets_tuning18_m7e194es0opt1_g54_r1,neorv32_bus,b_req,TP,stores,4,66,b_req <= b_req or b_req_i.stb;,CLOCKED_BY clk_i,verified,C13,
assets_tuning18_m7e194es0opt1_g54_r2,neorv32_bus,b_req,TP,stores,4,66,b_req <= b_req or b_req_i.stb;,CLOCKED_BY clk_i,verified,C13,
assets_tuning18_m7e194es0opt1_g54_r0,neorv32_bus,state,TP,stores,7,927,"state <= ""10"";",CLOCKED_BY clk_i,verified,C13,
assets_tuning18_m7e194es0opt1_g54_r1,neorv32_bus,state,TP,stores,4,912,"state <= ""11"";",CLOCKED_BY clk_i,verified,C13,
assets_tuning18_m7e194es0opt1_g54_r2,neorv32_bus,state,TP,stores,4,912,"state <= ""11"";",CLOCKED_BY clk_i,verified,C13,
assets_tuning18_m7e194es0opt1_g54_r0,neorv32_cpu_cp_muldiv,ctrl.state,TP,stores,6,132,ctrl.state <= S_DONE;,CLOCKED_BY clk_i,verified,C13,
assets_tuning18_m7e194es0opt1_g54_r1,neorv32_cpu_cp_muldiv,ctrl.state,TP,stores,6,132,ctrl.state <= S_DONE;,CLOCKED_BY clk_i,verified,C13,
assets_tuning18_m7e194es0opt1_g54_r2,neorv32_cpu_cp_muldiv,ctrl.state,TP,stores,4,122,ctrl.state <= S_DONE;,CLOCKED_BY clk_i,verified,C13,
assets_tuning18_m7e194es0opt1_g54_r0,neorv32_debug_dtm,dmi_ctrl.busy,TP,stores,6,270,dmi_ctrl.busy <= '1';,CLOCKED_BY clk_i,verified,C13,
assets_tuning18_m7e194es0opt1_g54_r1,neorv32_debug_dtm,dmi_ctrl.busy,TP,stores,6,270,dmi_ctrl.busy <= '1';,CLOCKED_BY clk_i,verified,C13,
assets_tuning18_m7e194es0opt1_g54_r2,neorv32_debug_dtm,dmi_ctrl.busy,TP,stores,6,270,dmi_ctrl.busy <= '1';,CLOCKED_BY clk_i,verified,C13,
assets_tuning18_m7e194es0opt1_g54_r0,neorv32_wdt,ctrl.lock,TP,stores,4,95,ctrl.lock    <= bus_req_i.data(ctrl_lock_c) and ctrl.enable;,CLOCKED_BY clk_i,verified,C13,
assets_tuning18_m7e194es0opt1_g54_r1,neorv32_wdt,ctrl.lock,TP,stores,4,95,ctrl.lock    <= bus_req_i.data(ctrl_lock_c) and ctrl.enable;,CLOCKED_BY clk_i,verified,C13,
assets_tuning18_m7e194es0opt1_g54_r2,neorv32_wdt,ctrl.lock,TP,stores,4,95,ctrl.lock    <= bus_req_i.data(ctrl_lock_c) and ctrl.enable;,CLOCKED_BY clk_i,verified,C13,
assets_tuning18_m7e194es0opt1_g54_r1,neorv32_cache,addr_i,TP,sets,2,366,acc_tag <= addr_i(31 downto 31-(tag_size_c-1));,SOURCES acc_tag,verified,C14,
assets_tuning18_m7e194es0opt1_g54_r2,neorv32_cache,addr_i,TP,sets,2,366,acc_tag <= addr_i(31 downto 31-(tag_size_c-1));,SOURCES acc_tag,verified,C14,
assets_tuning18_m7e194es0opt1_g54_r0,neorv32_cpu,mei_i,TP,sets,2,276,irq_machine <= mti_i & mei_i & msi_i;,SOURCES irq_machine,verified,C14,
assets_tuning18_m7e194es0opt1_g54_r1,neorv32_cpu,mei_i,TP,sets,2,276,irq_machine <= mti_i & mei_i & msi_i;,SOURCES irq_machine,verified,C14,
assets_tuning18_m7e194es0opt1_g54_r2,neorv32_cpu,mei_i,TP,sets,2,276,irq_machine <= mti_i & mei_i & msi_i;,SOURCES irq_machine,verified,C14,
assets_tuning18_m7e194es0opt1_g54_r0,neorv32_cpu,msi_i,TP,sets,2,276,irq_machine <= mti_i & mei_i & msi_i;,SOURCES irq_machine,verified,C14,
assets_tuning18_m7e194es0opt1_g54_r1,neorv32_cpu,msi_i,TP,sets,2,276,irq_machine <= mti_i & mei_i & msi_i;,SOURCES irq_machine,verified,C14,
assets_tuning18_m7e194es0opt1_g54_r2,neorv32_cpu,msi_i,TP,sets,2,276,irq_machine <= mti_i & mei_i & msi_i;,SOURCES irq_machine,verified,C14,
assets_tuning18_m7e194es0opt1_g54_r0,neorv32_cpu,mti_i,TP,sets,2,276,irq_machine <= mti_i & mei_i & msi_i;,SOURCES irq_machine,verified,C14,
assets_tuning18_m7e194es0opt1_g54_r1,neorv32_cpu,mti_i,TP,sets,2,276,irq_machine <= mti_i & mei_i & msi_i;,SOURCES irq_machine,verified,C14,
assets_tuning18_m7e194es0opt1_g54_r2,neorv32_cpu,mti_i,TP,sets,2,276,irq_machine <= mti_i & mei_i & msi_i;,SOURCES irq_machine,verified,C14,
assets_tuning18_m7e194es0opt1_g54_r0,neorv32_cpu_cp_cfu,csr_wdata_i,TP,sets,2,179,key_mem(to_integer(unsigned(csr_addr_i))) <= csr_wdata_i;,CARRIES key_mem,verified,C14,
assets_tuning18_m7e194es0opt1_g54_r1,neorv32_cpu_cp_cfu,csr_wdata_i,TP,sets,2,179,key_mem(to_integer(unsigned(csr_addr_i))) <= csr_wdata_i;,CARRIES key_mem,verified,C14,
assets_tuning18_m7e194es0opt1_g54_r2,neorv32_cpu_cp_cfu,csr_wdata_i,TP,sets,2,179,key_mem(to_integer(unsigned(csr_addr_i))) <= csr_wdata_i;,CARRIES key_mem,verified,C14,
assets_tuning18_m7e194es0opt1_g54_r0,neorv32_cpu_cp_cfu,rs1_i,TP,sets,2,205,xtea.opa     <= rs1_i;,CARRIES xtea.opa,verified,C14,
assets_tuning18_m7e194es0opt1_g54_r1,neorv32_cpu_cp_cfu,rs1_i,TP,sets,2,205,xtea.opa     <= rs1_i;,CARRIES xtea.opa,verified,C14,
assets_tuning18_m7e194es0opt1_g54_r2,neorv32_cpu_cp_cfu,rs1_i,TP,sets,2,205,xtea.opa     <= rs1_i;,CARRIES xtea.opa,verified,C14,
assets_tuning18_m7e194es0opt1_g54_r0,neorv32_cpu_cp_cfu,rs2_i,TP,sets,2,206,xtea.opb     <= rs2_i;,CARRIES xtea.opb,verified,C14,
assets_tuning18_m7e194es0opt1_g54_r1,neorv32_cpu_cp_cfu,rs2_i,TP,sets,2,206,xtea.opb     <= rs2_i;,CARRIES xtea.opb,verified,C14,
assets_tuning18_m7e194es0opt1_g54_r2,neorv32_cpu_cp_cfu,rs2_i,TP,sets,2,206,xtea.opb     <= rs2_i;,CARRIES xtea.opb,verified,C14,
assets_tuning18_m7e194es0opt1_g54_r1,neorv32_cpu_cp_muldiv,rs1_i,TP,sets,4,171,mul.dsp_x <= signed((rs1_i(rs1_i'left) and ctrl.rs1_is_signed) & rs1_i);,SOURCES mul.dsp_x,verified,C14,
assets_tuning18_m7e194es0opt1_g54_r2,neorv32_cpu_cp_muldiv,rs1_i,TP,sets,8,264,div.quotient <= std_ulogic_vector(0 - unsigned(rs1_i));,SOURCES div.quotient,verified,C14,
assets_tuning18_m7e194es0opt1_g54_r1,neorv32_cpu_cp_muldiv,rs2_i,TP,sets,4,172,mul.dsp_y <= signed((rs2_i(rs2_i'left) and ctrl.rs2_is_signed) & rs2_i);,SOURCES mul.dsp_y,verified,C14,
assets_tuning18_m7e194es0opt1_g54_r2,neorv32_cpu_cp_muldiv,rs2_i,TP,sets,14,270,div.rs2_abs <= std_ulogic_vector(0 - unsigned(rs2_i));,SOURCES div.rs2_abs,verified,C14,
assets_tuning18_m7e194es0opt1_g54_r0,neorv32_cpu_pmp,addr_ls_i,TP,sets,2,244,acc_addr <= ctrl_i.pc_nxt   when (ctrl_i.lsu_mo_we = '0') else addr_ls_i;,SOURCES acc_addr,verified,C14,
assets_tuning18_m7e194es0opt1_g54_r1,neorv32_cpu_pmp,addr_ls_i,TP,sets,2,244,acc_addr <= ctrl_i.pc_nxt   when (ctrl_i.lsu_mo_we = '0') else addr_ls_i;,SOURCES acc_addr,verified,C14,
assets_tuning18_m7e194es0opt1_g54_r2,neorv32_cpu_pmp,addr_ls_i,TP,sets,2,244,acc_addr <= ctrl_i.pc_nxt   when (ctrl_i.lsu_mo_we = '0') else addr_ls_i;,SOURCES acc_addr,verified,C14,
assets_tuning18_m7e194es0opt1_g54_r0,neorv32_debug_dtm,jtag_tdi_i,TP,sets,2,100,tap_sync.tdi_ff <= tap_sync.tdi_ff(1 downto 0) & jtag_tdi_i;,SOURCES tap_sync.tdi_ff,verified,C14,
assets_tuning18_m7e194es0opt1_g54_r1,neorv32_debug_dtm,jtag_tdi_i,TP,sets,2,100,tap_sync.tdi_ff <= tap_sync.tdi_ff(1 downto 0) & jtag_tdi_i;,SOURCES tap_sync.tdi_ff,verified,C14,
assets_tuning18_m7e194es0opt1_g54_r2,neorv32_debug_dtm,jtag_tdi_i,TP,sets,2,100,tap_sync.tdi_ff <= tap_sync.tdi_ff(1 downto 0) & jtag_tdi_i;,SOURCES tap_sync.tdi_ff,verified,C14,
assets_tuning18_m7e194es0opt1_g54_r0,neorv32_debug_dtm,jtag_tms_i,TP,sets,2,101,tap_sync.tms_ff <= tap_sync.tms_ff(1 downto 0) & jtag_tms_i;,SOURCES tap_sync.tms_ff,verified,C14,
assets_tuning18_m7e194es0opt1_g54_r1,neorv32_debug_dtm,jtag_tms_i,TP,sets,2,101,tap_sync.tms_ff <= tap_sync.tms_ff(1 downto 0) & jtag_tms_i;,SOURCES tap_sync.tms_ff,verified,C14,
assets_tuning18_m7e194es0opt1_g54_r2,neorv32_debug_dtm,jtag_tms_i,TP,sets,2,101,tap_sync.tms_ff <= tap_sync.tms_ff(1 downto 0) & jtag_tms_i;,SOURCES tap_sync.tms_ff,verified,C14,
assets_tuning18_m7e194es0opt1_g54_r0,neorv32_spi,spi_dat_i,TP,sets,2,310,rtx_engine.sdi_sync          <= spi_dat_i;,CARRIES rtx_engine.sdi_sync,verified,C14,
assets_tuning18_m7e194es0opt1_g54_r1,neorv32_spi,spi_dat_i,TP,sets,2,310,rtx_engine.sdi_sync          <= spi_dat_i;,CARRIES rtx_engine.sdi_sync,verified,C14,
assets_tuning18_m7e194es0opt1_g54_r2,neorv32_spi,spi_dat_i,TP,sets,2,310,rtx_engine.sdi_sync          <= spi_dat_i;,CARRIES rtx_engine.sdi_sync,verified,C14,
assets_tuning18_m7e194es0opt1_g54_r2,neorv32_sys,enable_i,TP,sets,2,129,en <= or_reduce_f(enable_i);,SOURCES en,verified,C14,
assets_tuning18_m7e194es0opt1_g54_r0,neorv32_twi,twi_sda_i,TP,sets,2,408,io_con.sda_in <= to_stdulogic(to_bit(twi_sda_i));,SOURCES io_con.sda_in,verified,C14,
assets_tuning18_m7e194es0opt1_g54_r1,neorv32_twi,twi_sda_i,TP,sets,2,408,io_con.sda_in <= to_stdulogic(to_bit(twi_sda_i));,SOURCES io_con.sda_in,verified,C14,
assets_tuning18_m7e194es0opt1_g54_r2,neorv32_twi,twi_sda_i,TP,sets,2,408,io_con.sda_in <= to_stdulogic(to_bit(twi_sda_i));,SOURCES io_con.sda_in,verified,C14,
assets_tuning18_m7e194es0opt1_g54_r0,neorv32_uart,uart_rxd_i,TP,sets,2,408,rx_engine.sync(2) <= uart_rxd_i;,CARRIES rx_engine.sync,verified,C14,
assets_tuning18_m7e194es0opt1_g54_r1,neorv32_uart,uart_rxd_i,TP,sets,2,408,rx_engine.sync(2) <= uart_rxd_i;,CARRIES rx_engine.sync,verified,C14,
assets_tuning18_m7e194es0opt1_g54_r2,neorv32_uart,uart_rxd_i,TP,sets,2,408,rx_engine.sync(2) <= uart_rxd_i;,CARRIES rx_engine.sync,verified,C14,
assets_tuning18_m7e194es0opt1_g54_r0,neorv32_cpu_cp_muldiv,div.start,TP,computes,2,155,div.start <= '1' when (valid_cmd = '1') and (ctrl_i.ir_funct3(2) = '1') else '0';,GATED_BY valid_cmd,verified,C16,
assets_tuning18_m7e194es0opt1_g54_r1,neorv32_cpu_cp_muldiv,div.start,TP,computes,2,155,div.start <= '1' when (valid_cmd = '1') and (ctrl_i.ir_funct3(2) = '1') else '0';,GATED_BY valid_cmd,verified,C16,
assets_tuning18_m7e194es0opt1_g54_r2,neorv32_cpu_cp_muldiv,div.start,TP,computes,2,155,div.start <= '1' when (valid_cmd = '1') and (ctrl_i.ir_funct3(2) = '1') else '0';,GATED_BY valid_cmd,verified,C16,
assets_tuning18_m7e194es0opt1_g54_r0,neorv32_cpu_cp_muldiv,mul.start,TP,computes,2,154,mul.start <= '1' when (valid_cmd = '1') and (ctrl_i.ir_funct3(2) = '0') else '0';,GATED_BY valid_cmd,verified,C16,
assets_tuning18_m7e194es0opt1_g54_r1,neorv32_cpu_cp_muldiv,mul.start,TP,computes,2,154,mul.start <= '1' when (valid_cmd = '1') and (ctrl_i.ir_funct3(2) = '0') else '0';,GATED_BY valid_cmd,verified,C16,
assets_tuning18_m7e194es0opt1_g54_r2,neorv32_cpu_cp_muldiv,mul.start,TP,computes,2,154,mul.start <= '1' when (valid_cmd = '1') and (ctrl_i.ir_funct3(2) = '0') else '0';,GATED_BY valid_cmd,verified,C16,
assets_tuning18_m7e194es0opt1_g54_r0,neorv32_cpu_pmp,fault_o,TP,exit port,3,363,fault_o <= (not ctrl_i.cpu_debug) and fail(0);,GATED_BY fail,verified,C17,
assets_tuning18_m7e194es0opt1_g54_r1,neorv32_cpu_pmp,fault_o,TP,exit port,3,363,fault_o <= (not ctrl_i.cpu_debug) and fail(0);,GATED_BY fail,verified,C17,
assets_tuning18_m7e194es0opt1_g54_r2,neorv32_cpu_pmp,fault_o,TP,exit port,3,363,fault_o <= (not ctrl_i.cpu_debug) and fail(0);,GATED_BY fail,verified,C17,
assets_tuning18_m7e194es0opt1_g54_r0,neorv32_debug_dtm,jtag_tdo_o,TP,exit port,3,204,jtag_tdo_o <= tap_reg.ireg(0);,DERIVES_FROM tap_reg.ireg,verified,C17,
assets_tuning18_m7e194es0opt1_g54_r1,neorv32_debug_dtm,jtag_tdo_o,TP,exit port,3,204,jtag_tdo_o <= tap_reg.ireg(0);,DERIVES_FROM tap_reg.ireg,verified,C17,
assets_tuning18_m7e194es0opt1_g54_r2,neorv32_debug_dtm,jtag_tdo_o,TP,exit port,3,204,jtag_tdo_o <= tap_reg.ireg(0);,DERIVES_FROM tap_reg.ireg,verified,C17,
assets_tuning18_m7e194es0opt1_g54_r0,neorv32_spi,irq_o,TP,exit port,3,255,irq_o <= ctrl.enable and (,GATED_BY ctrl.enable,verified,C17,
assets_tuning18_m7e194es0opt1_g54_r1,neorv32_spi,irq_o,TP,exit port,3,255,irq_o <= ctrl.enable and (,GATED_BY ctrl.enable,verified,C17,
assets_tuning18_m7e194es0opt1_g54_r2,neorv32_spi,irq_o,TP,exit port,3,255,irq_o <= ctrl.enable and (,GATED_BY ctrl.enable,verified,C17,
assets_tuning18_m7e194es0opt1_g54_r0,neorv32_spi,spi_csn_o,TP,exit port,4,354,spi_csn_o(to_integer(unsigned(rtx_engine.cs_ctrl(2 downto 0)))) <= '0';,SELECTED_BY rtx_engine.cs_ctrl,verified,C17,
assets_tuning18_m7e194es0opt1_g54_r1,neorv32_spi,spi_csn_o,TP,exit port,4,354,spi_csn_o(to_integer(unsigned(rtx_engine.cs_ctrl(2 downto 0)))) <= '0';,SELECTED_BY rtx_engine.cs_ctrl,verified,C17,
assets_tuning18_m7e194es0opt1_g54_r2,neorv32_spi,spi_csn_o,TP,exit port,4,354,spi_csn_o(to_integer(unsigned(rtx_engine.cs_ctrl(2 downto 0)))) <= '0';,SELECTED_BY rtx_engine.cs_ctrl,verified,C17,
assets_tuning18_m7e194es0opt1_g54_r0,neorv32_twi,irq_o,TP,exit port,3,239,irq_o <= ctrl.enable and (not fifo.tx_avail) and (not engine.busy);,GATED_BY ctrl.enable,verified,C17,
assets_tuning18_m7e194es0opt1_g54_r1,neorv32_twi,irq_o,TP,exit port,3,239,irq_o <= ctrl.enable and (not fifo.tx_avail) and (not engine.busy);,GATED_BY ctrl.enable,verified,C17,
assets_tuning18_m7e194es0opt1_g54_r2,neorv32_twi,irq_o,TP,exit port,3,239,irq_o <= ctrl.enable and (not fifo.tx_avail) and (not engine.busy);,GATED_BY ctrl.enable,verified,C17,
assets_tuning18_m7e194es0opt1_g54_r0,neorv32_uart,irq_rx_o,TP,exit port,3,315,irq_rx_o <= ctrl.enable and (,GATED_BY ctrl.enable,verified,C17,
assets_tuning18_m7e194es0opt1_g54_r1,neorv32_uart,irq_rx_o,TP,exit port,3,315,irq_rx_o <= ctrl.enable and (,DERIVES_FROM ctrl.irq_rx_nempty,verified,C17,
assets_tuning18_m7e194es0opt1_g54_r2,neorv32_uart,irq_rx_o,TP,exit port,3,315,irq_rx_o <= ctrl.enable and (,DERIVES_FROM ctrl.irq_rx_nempty,verified,C17,
assets_tuning18_m7e194es0opt1_g54_r0,neorv32_uart,irq_tx_o,TP,exit port,3,270,irq_tx_o <= ctrl.enable and (,GATED_BY ctrl.enable,verified,C17,
assets_tuning18_m7e194es0opt1_g54_r1,neorv32_uart,irq_tx_o,TP,exit port,3,270,irq_tx_o <= ctrl.enable and (,DERIVES_FROM ctrl.irq_tx_empty,verified,C17,
assets_tuning18_m7e194es0opt1_g54_r2,neorv32_uart,irq_tx_o,TP,exit port,3,270,irq_tx_o <= ctrl.enable and (,DERIVES_FROM ctrl.irq_tx_empty,verified,C17,
assets_tuning18_m7e194es0opt1_g54_r0,neorv32_uart,uart_rtsn_o,TP,exit port,3,475,uart_rtsn_o <= '1';,GATED_BY ctrl.hwfc_en,verified,C17,
assets_tuning18_m7e194es0opt1_g54_r1,neorv32_uart,uart_rtsn_o,TP,exit port,3,475,uart_rtsn_o <= '1';,GATED_BY ctrl.hwfc_en,verified,C17,
assets_tuning18_m7e194es0opt1_g54_r2,neorv32_uart,uart_rtsn_o,TP,exit port,3,475,uart_rtsn_o <= '1';,GATED_BY ctrl.hwfc_en,verified,C17,
assets_tuning18_m7e194es0opt1_g54_r0,neorv32_cpu_cp_cfu,result_o,TP,exit port,2,249,result_o <= xtea.res;,COPIES xtea.res,verified,C18,
assets_tuning18_m7e194es0opt1_g54_r1,neorv32_cpu_cp_cfu,result_o,TP,exit port,2,249,result_o <= xtea.res;,COPIES xtea.res,verified,C18,
assets_tuning18_m7e194es0opt1_g54_r2,neorv32_cpu_cp_cfu,result_o,TP,exit port,2,249,result_o <= xtea.res;,COPIES xtea.res,verified,C18,
assets_tuning18_m7e194es0opt1_g54_r0,neorv32_cpu_cp_cfu,valid_o,TP,exit port,2,250,valid_o  <= xtea.done(1);,DERIVES_FROM xtea.done,verified,C18,
assets_tuning18_m7e194es0opt1_g54_r1,neorv32_cpu_cp_cfu,valid_o,TP,exit port,2,250,valid_o  <= xtea.done(1);,DERIVES_FROM xtea.done,verified,C18,
assets_tuning18_m7e194es0opt1_g54_r2,neorv32_cpu_cp_cfu,valid_o,TP,exit port,2,250,valid_o  <= xtea.done(1);,DERIVES_FROM xtea.done,verified,C18,
assets_tuning18_m7e194es0opt1_g54_r0,neorv32_cpu_cp_muldiv,res_o,TP,exit port,3,325,res_o <= mul.prod(31 downto 0);,DERIVES_FROM mul.prod,verified,C18,
assets_tuning18_m7e194es0opt1_g54_r1,neorv32_cpu_cp_muldiv,res_o,TP,exit port,3,325,res_o <= mul.prod(31 downto 0);,DERIVES_FROM mul.prod,verified,C18,
assets_tuning18_m7e194es0opt1_g54_r2,neorv32_cpu_cp_muldiv,res_o,TP,exit port,3,325,res_o <= mul.prod(31 downto 0);,DERIVES_FROM mul.prod,verified,C18,
assets_tuning18_m7e194es0opt1_g54_r0,neorv32_bus,keeper.halt,TP,stores,3,416,keeper.halt <= port_sel(port_sel'left);,CLOCKED_BY clk_i,verified,C19,
assets_tuning18_m7e194es0opt1_g54_r1,neorv32_bus,keeper.halt,TP,stores,3,416,keeper.halt <= port_sel(port_sel'left);,CLOCKED_BY clk_i,verified,C19,
assets_tuning18_m7e194es0opt1_g54_r2,neorv32_bus,keeper.halt,TP,stores,3,416,keeper.halt <= port_sel(port_sel'left);,CLOCKED_BY clk_i,verified,C19,
assets_tuning18_m7e194es0opt1_g54_r0,neorv32_bus,state,TP,stores,3,55,state  <= state_nxt;,CLOCKED_BY clk_i,verified,C19,
assets_tuning18_m7e194es0opt1_g54_r1,neorv32_bus,state,TP,stores,3,55,state  <= state_nxt;,CLOCKED_BY clk_i,verified,C19,
assets_tuning18_m7e194es0opt1_g54_r2,neorv32_bus,state,TP,stores,3,55,state  <= state_nxt;,CLOCKED_BY clk_i,verified,C19,
assets_tuning18_m7e194es0opt1_g54_r0,neorv32_cpu_cp_cfu,key_mem,TP,stores,3,179,key_mem(to_integer(unsigned(csr_addr_i))) <= csr_wdata_i;,CLOCKED_BY clk_i,verified,C2,
assets_tuning18_m7e194es0opt1_g54_r1,neorv32_cpu_cp_cfu,key_mem,TP,stores,3,179,key_mem(to_integer(unsigned(csr_addr_i))) <= csr_wdata_i;,CLOCKED_BY clk_i,verified,C2,
assets_tuning18_m7e194es0opt1_g54_r2,neorv32_cpu_cp_cfu,key_mem,TP,stores,3,179,key_mem(to_integer(unsigned(csr_addr_i))) <= csr_wdata_i;,CLOCKED_BY clk_i,verified,C2,
assets_tuning18_m7e194es0opt1_g54_r0,neorv32_spi,ctrl.cdiv,TP,stores,3,144,ctrl.cdiv         <= bus_req_i.data(ctrl_cdiv3_c downto ctrl_cdiv0_c);,CLOCKED_BY clk_i,verified,C2,
assets_tuning18_m7e194es0opt1_g54_r1,neorv32_spi,ctrl.cdiv,TP,stores,3,144,ctrl.cdiv         <= bus_req_i.data(ctrl_cdiv3_c downto ctrl_cdiv0_c);,CLOCKED_BY clk_i,verified,C2,
assets_tuning18_m7e194es0opt1_g54_r2,neorv32_spi,ctrl.cdiv,TP,stores,3,144,ctrl.cdiv         <= bus_req_i.data(ctrl_cdiv3_c downto ctrl_cdiv0_c);,CLOCKED_BY clk_i,verified,C2,
assets_tuning18_m7e194es0opt1_g54_r0,neorv32_spi,ctrl.enable,TP,stores,3,140,ctrl.enable       <= bus_req_i.data(ctrl_en_c);,CLOCKED_BY clk_i,verified,C2,
assets_tuning18_m7e194es0opt1_g54_r1,neorv32_spi,ctrl.enable,TP,stores,3,140,ctrl.enable       <= bus_req_i.data(ctrl_en_c);,CLOCKED_BY clk_i,verified,C2,
assets_tuning18_m7e194es0opt1_g54_r2,neorv32_spi,ctrl.enable,TP,stores,3,140,ctrl.enable       <= bus_req_i.data(ctrl_en_c);,CLOCKED_BY clk_i,verified,C2,
assets_tuning18_m7e194es0opt1_g54_r0,neorv32_spi,ctrl.prsc,TP,stores,3,143,ctrl.prsc         <= bus_req_i.data(ctrl_prsc2_c downto ctrl_prsc0_c);,CLOCKED_BY clk_i,verified,C2,
assets_tuning18_m7e194es0opt1_g54_r1,neorv32_spi,ctrl.prsc,TP,stores,3,143,ctrl.prsc         <= bus_req_i.data(ctrl_prsc2_c downto ctrl_prsc0_c);,CLOCKED_BY clk_i,verified,C2,
assets_tuning18_m7e194es0opt1_g54_r2,neorv32_spi,ctrl.prsc,TP,stores,3,143,ctrl.prsc         <= bus_req_i.data(ctrl_prsc2_c downto ctrl_prsc0_c);,CLOCKED_BY clk_i,verified,C2,
assets_tuning18_m7e194es0opt1_g54_r0,neorv32_trng,enable,TP,stores,3,105,enable   <= bus_req_i.data(ctrl_en_c);,CLOCKED_BY clk_i,verified,C2,
assets_tuning18_m7e194es0opt1_g54_r1,neorv32_trng,enable,TP,stores,3,105,enable   <= bus_req_i.data(ctrl_en_c);,CLOCKED_BY clk_i,verified,C2,
assets_tuning18_m7e194es0opt1_g54_r2,neorv32_trng,enable,TP,stores,3,105,enable   <= bus_req_i.data(ctrl_en_c);,CLOCKED_BY clk_i,verified,C2,
assets_tuning18_m7e194es0opt1_g54_r0,neorv32_trng,fifo_clr,TP,stores,4,106,fifo_clr <= bus_req_i.data(ctrl_fifo_clr_c);,CLOCKED_BY clk_i,verified,C2,
assets_tuning18_m7e194es0opt1_g54_r1,neorv32_trng,fifo_clr,TP,stores,4,106,fifo_clr <= bus_req_i.data(ctrl_fifo_clr_c);,CLOCKED_BY clk_i,verified,C2,
assets_tuning18_m7e194es0opt1_g54_r2,neorv32_trng,fifo_clr,TP,stores,4,106,fifo_clr <= bus_req_i.data(ctrl_fifo_clr_c);,CLOCKED_BY clk_i,verified,C2,
assets_tuning18_m7e194es0opt1_g54_r0,neorv32_twi,ctrl.cdiv,TP,stores,3,138,ctrl.cdiv   <= bus_req_i.data(ctrl_cdiv3_c downto ctrl_cdiv0_c);,CLOCKED_BY clk_i,verified,C2,
assets_tuning18_m7e194es0opt1_g54_r1,neorv32_twi,ctrl.cdiv,TP,stores,3,138,ctrl.cdiv   <= bus_req_i.data(ctrl_cdiv3_c downto ctrl_cdiv0_c);,CLOCKED_BY clk_i,verified,C2,
assets_tuning18_m7e194es0opt1_g54_r2,neorv32_twi,ctrl.cdiv,TP,stores,3,138,ctrl.cdiv   <= bus_req_i.data(ctrl_cdiv3_c downto ctrl_cdiv0_c);,CLOCKED_BY clk_i,verified,C2,
assets_tuning18_m7e194es0opt1_g54_r0,neorv32_twi,ctrl.enable,TP,stores,3,136,ctrl.enable <= bus_req_i.data(ctrl_en_c);,CLOCKED_BY clk_i,verified,C2,
assets_tuning18_m7e194es0opt1_g54_r1,neorv32_twi,ctrl.enable,TP,stores,3,136,ctrl.enable <= bus_req_i.data(ctrl_en_c);,CLOCKED_BY clk_i,verified,C2,
assets_tuning18_m7e194es0opt1_g54_r2,neorv32_twi,ctrl.enable,TP,stores,3,136,ctrl.enable <= bus_req_i.data(ctrl_en_c);,CLOCKED_BY clk_i,verified,C2,
assets_tuning18_m7e194es0opt1_g54_r0,neorv32_twi,ctrl.prsc,TP,stores,3,137,ctrl.prsc   <= bus_req_i.data(ctrl_prsc2_c downto ctrl_prsc0_c);,CLOCKED_BY clk_i,verified,C2,
assets_tuning18_m7e194es0opt1_g54_r1,neorv32_twi,ctrl.prsc,TP,stores,3,137,ctrl.prsc   <= bus_req_i.data(ctrl_prsc2_c downto ctrl_prsc0_c);,CLOCKED_BY clk_i,verified,C2,
assets_tuning18_m7e194es0opt1_g54_r2,neorv32_twi,ctrl.prsc,TP,stores,3,137,ctrl.prsc   <= bus_req_i.data(ctrl_prsc2_c downto ctrl_prsc0_c);,CLOCKED_BY clk_i,verified,C2,
assets_tuning18_m7e194es0opt1_g54_r0,neorv32_uart,ctrl.baud,TP,stores,3,183,ctrl.baud          <= bus_req_i.data(ctrl_baud9_c downto ctrl_baud0_c);,CLOCKED_BY clk_i,verified,C2,
assets_tuning18_m7e194es0opt1_g54_r1,neorv32_uart,ctrl.baud,TP,stores,3,183,ctrl.baud          <= bus_req_i.data(ctrl_baud9_c downto ctrl_baud0_c);,CLOCKED_BY clk_i,verified,C2,
assets_tuning18_m7e194es0opt1_g54_r2,neorv32_uart,ctrl.baud,TP,stores,3,183,ctrl.baud          <= bus_req_i.data(ctrl_baud9_c downto ctrl_baud0_c);,CLOCKED_BY clk_i,verified,C2,
assets_tuning18_m7e194es0opt1_g54_r0,neorv32_uart,ctrl.enable,TP,stores,3,179,ctrl.enable        <= bus_req_i.data(ctrl_en_c);,CLOCKED_BY clk_i,verified,C2,
assets_tuning18_m7e194es0opt1_g54_r1,neorv32_uart,ctrl.enable,TP,stores,3,179,ctrl.enable        <= bus_req_i.data(ctrl_en_c);,CLOCKED_BY clk_i,verified,C2,
assets_tuning18_m7e194es0opt1_g54_r2,neorv32_uart,ctrl.enable,TP,stores,3,179,ctrl.enable        <= bus_req_i.data(ctrl_en_c);,CLOCKED_BY clk_i,verified,C2,
assets_tuning18_m7e194es0opt1_g54_r0,neorv32_uart,ctrl.prsc,TP,stores,3,182,ctrl.prsc          <= bus_req_i.data(ctrl_prsc2_c downto ctrl_prsc0_c);,CLOCKED_BY clk_i,verified,C2,
assets_tuning18_m7e194es0opt1_g54_r1,neorv32_uart,ctrl.prsc,TP,stores,3,182,ctrl.prsc          <= bus_req_i.data(ctrl_prsc2_c downto ctrl_prsc0_c);,CLOCKED_BY clk_i,verified,C2,
assets_tuning18_m7e194es0opt1_g54_r2,neorv32_uart,ctrl.prsc,TP,stores,3,182,ctrl.prsc          <= bus_req_i.data(ctrl_prsc2_c downto ctrl_prsc0_c);,CLOCKED_BY clk_i,verified,C2,
assets_tuning18_m7e194es0opt1_g54_r0,neorv32_wdt,ctrl.enable,TP,stores,3,94,ctrl.enable  <= bus_req_i.data(ctrl_enable_c);,CLOCKED_BY clk_i,verified,C2,
assets_tuning18_m7e194es0opt1_g54_r1,neorv32_wdt,ctrl.enable,TP,stores,3,94,ctrl.enable  <= bus_req_i.data(ctrl_enable_c);,CLOCKED_BY clk_i,verified,C2,
assets_tuning18_m7e194es0opt1_g54_r2,neorv32_wdt,ctrl.enable,TP,stores,3,94,ctrl.enable  <= bus_req_i.data(ctrl_enable_c);,CLOCKED_BY clk_i,verified,C2,
assets_tuning18_m7e194es0opt1_g54_r0,neorv32_wdt,ctrl.timeout,TP,stores,3,97,ctrl.timeout <= bus_req_i.data(ctrl_timeout_msb_c downto ctrl_timeout_lsb_c);,CLOCKED_BY clk_i,verified,C2,
assets_tuning18_m7e194es0opt1_g54_r1,neorv32_wdt,ctrl.timeout,TP,stores,3,97,ctrl.timeout <= bus_req_i.data(ctrl_timeout_msb_c downto ctrl_timeout_lsb_c);,CLOCKED_BY clk_i,verified,C2,
assets_tuning18_m7e194es0opt1_g54_r2,neorv32_wdt,ctrl.timeout,TP,stores,3,97,ctrl.timeout <= bus_req_i.data(ctrl_timeout_msb_c downto ctrl_timeout_lsb_c);,CLOCKED_BY clk_i,verified,C2,
assets_tuning18_m7e194es0opt1_g54_r0,neorv32_wdt,reset_wdt,TP,stores,4,103,reset_wdt <= '1';,CLOCKED_BY clk_i,verified,C2,
assets_tuning18_m7e194es0opt1_g54_r1,neorv32_wdt,reset_wdt,TP,stores,4,103,reset_wdt <= '1';,CLOCKED_BY clk_i,verified,C2,
assets_tuning18_m7e194es0opt1_g54_r2,neorv32_wdt,reset_wdt,TP,stores,4,103,reset_wdt <= '1';,CLOCKED_BY clk_i,verified,C2,
assets_tuning18_m7e194es0opt1_g54_r0,neorv32_cpu_pmp,pmpaddr,TP,stores,3,173,"pmpaddr(i) <= ""00"" & ctrl_i.csr_wdata(XLEN-3 downto 0);",CLOCKED_BY clk_i,verified,C20,
assets_tuning18_m7e194es0opt1_g54_r1,neorv32_cpu_pmp,pmpaddr,TP,stores,3,173,"pmpaddr(i) <= ""00"" & ctrl_i.csr_wdata(XLEN-3 downto 0);",CLOCKED_BY clk_i,verified,C20,
assets_tuning18_m7e194es0opt1_g54_r2,neorv32_cpu_pmp,pmpaddr,TP,stores,3,173,"pmpaddr(i) <= ""00"" & ctrl_i.csr_wdata(XLEN-3 downto 0);",CLOCKED_BY clk_i,verified,C20,
assets_tuning18_m7e194es0opt1_g54_r0,neorv32_cpu_pmp,pmpcfg,TP,stores,10,145,pmpcfg(i)(cfg_l_c)  <= ctrl_i.csr_wdata((i mod 4)*8+cfg_l_c);,CLOCKED_BY clk_i,verified,C20,
assets_tuning18_m7e194es0opt1_g54_r1,neorv32_cpu_pmp,pmpcfg,TP,stores,10,145,pmpcfg(i)(cfg_l_c)  <= ctrl_i.csr_wdata((i mod 4)*8+cfg_l_c);,CLOCKED_BY clk_i,verified,C20,
assets_tuning18_m7e194es0opt1_g54_r2,neorv32_cpu_pmp,pmpcfg,TP,stores,4,129,pmpcfg(i)(cfg_r_c) <= ctrl_i.csr_wdata((i mod 4)*8+cfg_r_c);,CLOCKED_BY clk_i,verified,C20,
assets_tuning18_m7e194es0opt1_g54_r0,neorv32_cpu,rf_wdata,TP,computes,3,330,rf_wdata <= alu_res or lsu_rdata or csr_rdata or ctrl.pc_ret;,DERIVES_FROM alu_res,verified,C21,
assets_tuning18_m7e194es0opt1_g54_r1,neorv32_cpu,rf_wdata,TP,computes,3,330,rf_wdata <= alu_res or lsu_rdata or csr_rdata or ctrl.pc_ret;,DERIVES_FROM alu_res,verified,C21,
assets_tuning18_m7e194es0opt1_g54_r2,neorv32_cpu,rf_wdata,TP,computes,3,330,rf_wdata <= alu_res or lsu_rdata or csr_rdata or ctrl.pc_ret;,DERIVES_FROM alu_res,verified,C21,
assets_tuning18_m7e194es0opt1_g54_r0,neorv32_bus,sel,TP,computes,6,114,sel       <= '0';,SELECTED_BY state,verified,C24,
assets_tuning18_m7e194es0opt1_g54_r1,neorv32_bus,sel,TP,computes,6,114,sel       <= '0';,SELECTED_BY state,verified,C24,
assets_tuning18_m7e194es0opt1_g54_r2,neorv32_bus,sel,TP,computes,6,114,sel       <= '0';,SELECTED_BY state,verified,C24,
assets_tuning18_m7e194es0opt1_g54_r0,neorv32_cpu,dbi_i,TP,sets,2,266,"irq_dbg_i     => dbi_i,",CONNECTS neorv32_cpu_control_inst.irq_dbg_i,verified,C25,
assets_tuning18_m7e194es0opt1_g54_r1,neorv32_cpu,dbi_i,TP,sets,2,266,"irq_dbg_i     => dbi_i,",CONNECTS neorv32_cpu_control_inst.irq_dbg_i,verified,C25,
assets_tuning18_m7e194es0opt1_g54_r2,neorv32_cpu,dbi_i,TP,sets,2,266,"irq_dbg_i     => dbi_i,",CONNECTS neorv32_cpu_control_inst.irq_dbg_i,verified,C25,
assets_tuning18_m7e194es0opt1_g54_r0,neorv32_cpu,firq_i,TP,sets,2,268,"irq_fast_i    => firq_i,",CONNECTS neorv32_cpu_control_inst.irq_fast_i,verified,C25,
assets_tuning18_m7e194es0opt1_g54_r1,neorv32_cpu,firq_i,TP,sets,2,268,"irq_fast_i    => firq_i,",CONNECTS neorv32_cpu_control_inst.irq_fast_i,verified,C25,
assets_tuning18_m7e194es0opt1_g54_r2,neorv32_cpu,firq_i,TP,sets,2,268,"irq_fast_i    => firq_i,",CONNECTS neorv32_cpu_control_inst.irq_fast_i,verified,C25,
assets_tuning18_m7e194es0opt1_g54_r0,neorv32_cpu_pmp,ctrl_i,TP,sets,3,113,if (ctrl_i.csr_addr(11 downto 2) = csr_pmpcfg0_c(11 downto 2)) and (ctrl_i.csr_we = '1') then,GATES pmpcfg_we,verified,C25,
assets_tuning18_m7e194es0opt1_g54_r1,neorv32_cpu_pmp,ctrl_i,TP,sets,5,114,pmpcfg_we(to_integer(unsigned(ctrl_i.csr_addr(1 downto 0)))) <= '1';,SELECTS pmpcfg_we,verified,C25,
assets_tuning18_m7e194es0opt1_g54_r2,neorv32_cpu_pmp,ctrl_i,TP,sets,3,113,if (ctrl_i.csr_addr(11 downto 2) = csr_pmpcfg0_c(11 downto 2)) and (ctrl_i.csr_we = '1') then,GATES pmpcfg_we,verified,C25,
assets_tuning18_m7e194es0opt1_g54_r0,neorv32_cpu_cp_muldiv,valid_o,TP,exit port,2,145,valid_o <= '1' when (ctrl.state = S_DONE) else '0';,GATED_BY ctrl.state,verified,C26,
assets_tuning18_m7e194es0opt1_g54_r1,neorv32_cpu_cp_muldiv,valid_o,TP,exit port,2,145,valid_o <= '1' when (ctrl.state = S_DONE) else '0';,GATED_BY ctrl.state,verified,C26,
assets_tuning18_m7e194es0opt1_g54_r2,neorv32_cpu_cp_muldiv,valid_o,TP,exit port,2,145,valid_o <= '1' when (ctrl.state = S_DONE) else '0';,GATED_BY ctrl.state,verified,C26,
assets_tuning18_m7e194es0opt1_g54_r0,neorv32_sys,clk_en_o,TP,exit port,2,140,clk_en_o(clk_div2_c)    <= cnt(0)  and (not cnt2(0));,GATED_BY cnt,verified,C26,
assets_tuning18_m7e194es0opt1_g54_r1,neorv32_sys,clk_en_o,TP,exit port,2,140,clk_en_o(clk_div2_c)    <= cnt(0)  and (not cnt2(0));,GATED_BY cnt,verified,C26,
assets_tuning18_m7e194es0opt1_g54_r2,neorv32_sys,clk_en_o,TP,exit port,2,140,clk_en_o(clk_div2_c)    <= cnt(0)  and (not cnt2(0));,GATED_BY cnt,verified,C26,
assets_tuning18_m7e194es0opt1_g54_r0,neorv32_bus,keeper.cnt,TP,stores,4,422,keeper.cnt <= std_ulogic_vector(unsigned(keeper.cnt) + 1);,CLOCKED_BY clk_i,verified,C3,
assets_tuning18_m7e194es0opt1_g54_r1,neorv32_bus,keeper.cnt,TP,stores,4,422,keeper.cnt <= std_ulogic_vector(unsigned(keeper.cnt) + 1);,CLOCKED_BY clk_i,verified,C3,
assets_tuning18_m7e194es0opt1_g54_r2,neorv32_bus,keeper.cnt,TP,stores,4,422,keeper.cnt <= std_ulogic_vector(unsigned(keeper.cnt) + 1);,CLOCKED_BY clk_i,verified,C3,
assets_tuning18_m7e194es0opt1_g54_r0,neorv32_cpu_cp_muldiv,ctrl.cnt,TP,stores,5,130,ctrl.cnt <= std_ulogic_vector(unsigned(ctrl.cnt) - 1);,CLOCKED_BY clk_i,verified,C3,
assets_tuning18_m7e194es0opt1_g54_r1,neorv32_cpu_cp_muldiv,ctrl.cnt,TP,stores,5,130,ctrl.cnt <= std_ulogic_vector(unsigned(ctrl.cnt) - 1);,CLOCKED_BY clk_i,verified,C3,
assets_tuning18_m7e194es0opt1_g54_r2,neorv32_cpu_cp_muldiv,ctrl.cnt,TP,stores,5,130,ctrl.cnt <= std_ulogic_vector(unsigned(ctrl.cnt) - 1);,CLOCKED_BY clk_i,verified,C3,
assets_tuning18_m7e194es0opt1_g54_r0,neorv32_wdt,cnt,TP,stores,4,134,cnt <= std_ulogic_vector(unsigned(cnt) + 1);,CLOCKED_BY clk_i,verified,C3,
assets_tuning18_m7e194es0opt1_g54_r1,neorv32_wdt,cnt,TP,stores,4,134,cnt <= std_ulogic_vector(unsigned(cnt) + 1);,CLOCKED_BY clk_i,verified,C3,
assets_tuning18_m7e194es0opt1_g54_r2,neorv32_wdt,cnt,TP,stores,4,134,cnt <= std_ulogic_vector(unsigned(cnt) + 1);,CLOCKED_BY clk_i,verified,C3,
assets_tuning18_m7e194es0opt1_g54_r0,neorv32_imem,rden,TP,stores,3,176,rden <= bus_req_i.stb and (not bus_req_i.rw);,CLOCKED_BY clk_i,verified,C31,
assets_tuning18_m7e194es0opt1_g54_r1,neorv32_imem,rden,TP,stores,3,176,rden <= bus_req_i.stb and (not bus_req_i.rw);,CLOCKED_BY clk_i,verified,C31,
assets_tuning18_m7e194es0opt1_g54_r2,neorv32_imem,rden,TP,stores,3,176,rden <= bus_req_i.stb and (not bus_req_i.rw);,CLOCKED_BY clk_i,verified,C31,
assets_tuning18_m7e194es0opt1_g54_r0,neorv32_imem,addr,TP,computes,4,101,addr <= unsigned(bus_req_i.addr(addr_hi_c downto 2));,DERIVES_FROM bus_req_i.addr,verified,C32,
assets_tuning18_m7e194es0opt1_g54_r1,neorv32_imem,addr,TP,computes,4,101,addr <= unsigned(bus_req_i.addr(addr_hi_c downto 2));,DERIVES_FROM bus_req_i.addr,verified,C32,
assets_tuning18_m7e194es0opt1_g54_r0,neorv32_cache,cache_i.sta_hit,TP,sets,3,286,"hit_o   => cache_i.sta_hit,",CONNECTS neorv32_cache_memory_inst.hit_o,verified,C33,
assets_tuning18_m7e194es0opt1_g54_r0,neorv32_cpu_cp_muldiv,ctrl.rs1_is_signed,TP,computes,2,148,ctrl.rs1_is_signed <= '1' when (ctrl_i.ir_funct3 = op_mulh_c) or (ctrl_i.ir_funct3 = op_mulhsu_c) or,GATED_BY ctrl_i.ir_funct3,verified,C36,
assets_tuning18_m7e194es0opt1_g54_r1,neorv32_cpu_cp_muldiv,ctrl.rs1_is_signed,TP,computes,2,148,ctrl.rs1_is_signed <= '1' when (ctrl_i.ir_funct3 = op_mulh_c) or (ctrl_i.ir_funct3 = op_mulhsu_c) or,GATED_BY ctrl_i.ir_funct3,verified,C36,
assets_tuning18_m7e194es0opt1_g54_r2,neorv32_cpu_cp_muldiv,ctrl.rs1_is_signed,TP,computes,2,148,ctrl.rs1_is_signed <= '1' when (ctrl_i.ir_funct3 = op_mulh_c) or (ctrl_i.ir_funct3 = op_mulhsu_c) or,GATED_BY ctrl_i.ir_funct3,verified,C36,
assets_tuning18_m7e194es0opt1_g54_r0,neorv32_cpu_cp_muldiv,ctrl.rs2_is_signed,TP,computes,2,150,ctrl.rs2_is_signed <= '1' when (ctrl_i.ir_funct3 = op_mulh_c) or,GATED_BY ctrl_i.ir_funct3,verified,C36,
assets_tuning18_m7e194es0opt1_g54_r1,neorv32_cpu_cp_muldiv,ctrl.rs2_is_signed,TP,computes,2,150,ctrl.rs2_is_signed <= '1' when (ctrl_i.ir_funct3 = op_mulh_c) or,GATED_BY ctrl_i.ir_funct3,verified,C36,
assets_tuning18_m7e194es0opt1_g54_r2,neorv32_cpu_cp_muldiv,ctrl.rs2_is_signed,TP,computes,2,150,ctrl.rs2_is_signed <= '1' when (ctrl_i.ir_funct3 = op_mulh_c) or,GATED_BY ctrl_i.ir_funct3,verified,C36,
assets_tuning18_m7e194es0opt1_g54_r0,neorv32_trng,fifo.avail,TP,sets,4,167,avail_o => fifo.avail,CONNECTS rnd_pool_fifo_inst.avail_o,verified,C37,
assets_tuning18_m7e194es0opt1_g54_r1,neorv32_trng,fifo.avail,TP,sets,4,167,avail_o => fifo.avail,CONNECTS rnd_pool_fifo_inst.avail_o,verified,C37,
assets_tuning18_m7e194es0opt1_g54_r2,neorv32_trng,fifo.avail,TP,sets,4,167,avail_o => fifo.avail,CONNECTS rnd_pool_fifo_inst.avail_o,verified,C37,
assets_tuning18_m7e194es0opt1_g54_r0,neorv32_cpu,pmp_fault,TP,computes,4,420,fault_o   => pmp_fault,CONNECTS neorv32_cpu_pmp_inst.fault_o,verified,C38,
assets_tuning18_m7e194es0opt1_g54_r1,neorv32_cpu,pmp_fault,TP,computes,4,420,fault_o   => pmp_fault,CONNECTS neorv32_cpu_pmp_inst.fault_o,verified,C38,
assets_tuning18_m7e194es0opt1_g54_r2,neorv32_cpu,pmp_fault,TP,computes,4,420,fault_o   => pmp_fault,CONNECTS neorv32_cpu_pmp_inst.fault_o,verified,C38,
assets_tuning18_m7e194es0opt1_g54_r0,neorv32_trng,fifo.re,TP,computes,3,171,fifo.re    <= '1' when (bus_req_i.stb = '1') and (bus_req_i.rw = '0') and (bus_req_i.addr(2) = '1') else '0';,GATED_BY bus_req_i.addr,verified,C39,
assets_tuning18_m7e194es0opt1_g54_r1,neorv32_trng,fifo.re,TP,computes,3,171,fifo.re    <= '1' when (bus_req_i.stb = '1') and (bus_req_i.rw = '0') and (bus_req_i.addr(2) = '1') else '0';,GATED_BY bus_req_i.addr,verified,C39,
assets_tuning18_m7e194es0opt1_g54_r2,neorv32_trng,fifo.re,TP,computes,3,171,fifo.re    <= '1' when (bus_req_i.stb = '1') and (bus_req_i.rw = '0') and (bus_req_i.addr(2) = '1') else '0';,GATED_BY bus_req_i.stb,verified,C39,
assets_tuning18_m7e194es0opt1_g54_r0,neorv32_cpu,irq_machine,TP,computes,3,276,irq_machine <= mti_i & mei_i & msi_i;,DERIVES_FROM mti_i,verified,C40,
assets_tuning18_m7e194es0opt1_g54_r1,neorv32_cpu,irq_machine,TP,computes,3,276,irq_machine <= mti_i & mei_i & msi_i;,DERIVES_FROM mti_i,verified,C40,
assets_tuning18_m7e194es0opt1_g54_r2,neorv32_cpu,irq_machine,TP,computes,3,276,irq_machine <= mti_i & mei_i & msi_i;,DERIVES_FROM mti_i,verified,C40,
assets_tuning18_m7e194es0opt1_g54_r0,neorv32_bus,port_sel,TP,computes,2,356,port_sel(0) <= '1' when A_EN and (req_i.addr(31 downto a_lo_c) = A_BASE(31 downto a_lo_c)) else '0';,GATED_BY req_i.addr,verified,C41,
assets_tuning18_m7e194es0opt1_g54_r1,neorv32_bus,port_sel,TP,computes,2,356,port_sel(0) <= '1' when A_EN and (req_i.addr(31 downto a_lo_c) = A_BASE(31 downto a_lo_c)) else '0';,GATED_BY req_i.addr,verified,C41,
assets_tuning18_m7e194es0opt1_g54_r2,neorv32_bus,port_sel,TP,computes,2,356,port_sel(0) <= '1' when A_EN and (req_i.addr(31 downto a_lo_c) = A_BASE(31 downto a_lo_c)) else '0';,GATED_BY req_i.addr,verified,C41,
assets_tuning18_m7e194es0opt1_g54_r0,neorv32_cpu_pmp,fail,TP,computes,3,354,fail(r) <= not allow(r) when (match(r) = '1') else fail(r+1);,DERIVES_FROM allow,verified,C42,
assets_tuning18_m7e194es0opt1_g54_r1,neorv32_cpu_pmp,fail,TP,computes,3,354,fail(r) <= not allow(r) when (match(r) = '1') else fail(r+1);,DERIVES_FROM allow,verified,C42,
assets_tuning18_m7e194es0opt1_g54_r2,neorv32_cpu_pmp,fail,TP,computes,3,354,fail(r) <= not allow(r) when (match(r) = '1') else fail(r+1);,DERIVES_FROM allow,verified,C42,
assets_tuning18_m7e194es0opt1_g54_r0,neorv32_imem,rdata,TP,stores,2,81,rdata <= mem_rom_c(to_integer(addr));,CLOCKED_BY clk_i,verified,C43,
assets_tuning18_m7e194es0opt1_g54_r1,neorv32_imem,rdata,TP,stores,2,81,rdata <= mem_rom_c(to_integer(addr));,CLOCKED_BY clk_i,verified,C43,
assets_tuning18_m7e194es0opt1_g54_r2,neorv32_imem,rdata,TP,stores,2,81,rdata <= mem_rom_c(to_integer(addr));,CLOCKED_BY clk_i,verified,C43,
assets_tuning18_m7e194es0opt1_g54_r2,neorv32_bus,stb,TP,computes,5,115,stb       <= '1';,SELECTED_BY state,verified,C44,
assets_tuning18_m7e194es0opt1_g54_r0,neorv32_hwspinlock,lock_q,TP,stores,3,45,lock_q(i) <= not bus_req_i.rw;,CLOCKED_BY clk_i,verified,C5,
assets_tuning18_m7e194es0opt1_g54_r1,neorv32_hwspinlock,lock_q,TP,stores,3,45,lock_q(i) <= not bus_req_i.rw;,CLOCKED_BY clk_i,verified,C5,
assets_tuning18_m7e194es0opt1_g54_r2,neorv32_hwspinlock,lock_q,TP,stores,3,45,lock_q(i) <= not bus_req_i.rw;,CLOCKED_BY clk_i,verified,C5,
assets_tuning18_m7e194es0opt1_g54_r0,neorv32_wdt,reset_cause,TP,stores,4,172,"reset_cause <= ""01"";",CLOCKED_BY clk_i,verified,C5,
assets_tuning18_m7e194es0opt1_g54_r1,neorv32_wdt,reset_cause,TP,stores,4,172,"reset_cause <= ""01"";",CLOCKED_BY clk_i,verified,C5,
assets_tuning18_m7e194es0opt1_g54_r2,neorv32_wdt,reset_cause,TP,stores,4,172,"reset_cause <= ""01"";",CLOCKED_BY clk_i,verified,C5,
assets_tuning18_m7e194es0opt1_g54_r0,neorv32_cpu_cp_muldiv,div.res,TP,computes,2,300,div.res   <= std_ulogic_vector(0 - unsigned(div.res_u)) when (div.sign_mod = '1') else div.res_u;,DERIVES_FROM div.res_u,verified,C6,
assets_tuning18_m7e194es0opt1_g54_r1,neorv32_cpu_cp_muldiv,div.res,TP,computes,2,300,div.res   <= std_ulogic_vector(0 - unsigned(div.res_u)) when (div.sign_mod = '1') else div.res_u;,DERIVES_FROM div.res_u,verified,C6,
assets_tuning18_m7e194es0opt1_g54_r2,neorv32_cpu_cp_muldiv,div.res,TP,computes,2,300,div.res   <= std_ulogic_vector(0 - unsigned(div.res_u)) when (div.sign_mod = '1') else div.res_u;,DERIVES_FROM div.res_u,verified,C6,
assets_tuning18_m7e194es0opt1_g54_r0,neorv32_hwspinlock,sel,TP,computes,3,51,"sel(i) <= '1' when (bus_req_i.addr(6 downto 2) = std_ulogic_vector(to_unsigned(i, 5))) else '0';",GATED_BY bus_req_i.addr,verified,C7,
assets_tuning18_m7e194es0opt1_g54_r1,neorv32_hwspinlock,sel,TP,computes,3,51,"sel(i) <= '1' when (bus_req_i.addr(6 downto 2) = std_ulogic_vector(to_unsigned(i, 5))) else '0';",GATED_BY bus_req_i.addr,verified,C7,
assets_tuning18_m7e194es0opt1_g54_r2,neorv32_hwspinlock,sel,TP,computes,3,51,"sel(i) <= '1' when (bus_req_i.addr(6 downto 2) = std_ulogic_vector(to_unsigned(i, 5))) else '0';",GATED_BY bus_req_i.addr,verified,C7,
assets_tuning18_m7e194es0opt1_g54_r0,neorv32_bus,keeper.err,TP,stores,6,424,keeper.err  <= '1';,CLOCKED_BY clk_i,verified,C8,
assets_tuning18_m7e194es0opt1_g54_r1,neorv32_bus,keeper.err,TP,stores,6,424,keeper.err  <= '1';,CLOCKED_BY clk_i,verified,C8,
assets_tuning18_m7e194es0opt1_g54_r2,neorv32_bus,keeper.err,TP,stores,6,424,keeper.err  <= '1';,CLOCKED_BY clk_i,verified,C8,
assets_tuning18_m7e194es0opt1_g54_r1,neorv32_cache,ctrl.buf_sync,TP,stores,2,119,ctrl.buf_sync <= '0';,,map gap claimed,C9,
assets_tuning18_m7e194es0opt1_g54_r2,neorv32_cache,ctrl.buf_sync,TP,stores,2,119,ctrl.buf_sync <= '0';,,map gap claimed,C9,
